0	5.09751
6.05198	2.92652
12.104	1.86072
18.1559	1.17677
24.2079	0.86701
30.2599	0.672605
36.3119	0.578478
42.3639	0.517242
48.4158	0.477779
54.4678	0.450136
60.5198	0.429218
66.5718	0.414453
72.6238	0.399101
78.6757	0.386859
84.7277	0.374317
90.7797	0.362051
96.8317	0.352927
102.884	0.343033
108.936	0.334681
114.988	0.327815
121.04	0.321088
127.092	0.314414
133.144	0.308127
139.196	0.301939
145.248	0.295887
151.3	0.289984
157.351	0.286391
163.403	0.282678
169.455	0.274894
175.507	0.270064
181.559	0.265715
187.611	0.261075
193.663	0.257285
199.715	0.25476
205.767	0.250907
211.819	0.247159
217.871	0.243682
223.923	0.238923
229.975	0.235982
236.027	0.233556
242.079	0.22977
248.131	0.226935
254.183	0.223012
260.235	0.221729
266.287	0.217777
272.339	0.21593
278.391	0.214522
284.443	0.212937
290.495	0.210284
296.547	0.207262
302.599	0.206748
308.651	0.204072
314.703	0.201453
320.755	0.200029
326.807	0.197379
332.859	0.196309
338.911	0.194615
344.963	0.193408
351.015	0.192253
357.067	0.190446
363.119	0.188533
369.171	0.186478
375.223	0.1845
381.275	0.183723
387.327	0.180054
393.379	0.179355
399.431	0.178229
405.483	0.176523
411.535	0.175067
417.587	0.17494
423.639	0.173604
429.691	0.17343
435.743	0.170997
441.795	0.169939
447.847	0.169687
453.899	0.16812
459.951	0.167768
466.003	0.166299
472.054	0.164613
478.106	0.164333
484.158	0.162237
490.21	0.158056
496.262	0.202184
502.314	0.160322
508.366	0.192268
514.418	0.189637
520.47	0.189791
526.522	0.188276
532.574	0.188084
538.626	0.185951
544.678	0.186366
550.73	0.185115
556.782	0.183295
562.834	0.183089
568.886	0.182005
574.938	0.180237
580.99	0.179151
587.042	0.178415
593.094	0.177532
599.146	0.176332
605.198	0.177182
611.25	0.177405
617.302	0.175449
623.354	0.17447
629.406	0.173524
635.458	0.172493
641.51	0.172569
647.562	0.171503
653.614	0.170818
659.666	0.169518
665.718	0.168816
671.77	0.168338
677.822	0.167366
683.874	0.166866
689.926	0.166159
695.978	0.165536
702.03	0.165404
708.082	0.163915
714.134	0.163321
720.186	0.163214
726.238	0.162394
732.29	0.162688
738.342	0.161853
744.394	0.161586
750.446	0.160568
756.498	0.158522
762.55	0.157179
768.602	0.156752
774.654	0.154884
780.706	0.155267
786.757	0.154361
792.809	0.153473
798.861	0.153421
804.913	0.153407
810.965	0.153318
817.017	0.152651
823.069	0.152094
829.121	0.152029
835.173	0.152458
841.225	0.150436
847.277	0.1499
853.329	0.149778
859.381	0.149467
865.433	0.148658
871.485	0.148856
877.537	0.148387
883.589	0.147466
889.641	0.147239
895.693	0.147269
901.745	0.145814
907.797	0.145008
913.849	0.145806
919.901	0.145525
925.953	0.144455
932.005	0.144946
938.057	0.143558
944.109	0.142803
950.161	0.141851
956.213	0.142113
962.265	0.14204
968.317	0.141618
974.369	0.141685
980.421	0.14094
986.473	0.140358
992.525	0.139702
998.577	0.139528
1004.63	0.138048
1010.68	0.13819
1016.73	0.137143
1022.78	0.136108
1028.84	0.136439
1034.89	0.137077
1040.94	0.13581
1046.99	0.136107
1053.04	0.135527
1059.1	0.134854
1065.15	0.134119
1071.2	0.134559
1077.25	0.134576
1083.3	0.133499
1089.36	0.131342
1095.41	0.13237
1101.46	0.132154
1107.51	0.131556
1113.56	0.13155
1119.62	0.131361
1125.67	0.131245
1131.72	0.130832
1137.77	0.129207
1143.82	0.129559
1149.88	0.129672
1155.93	0.129918
1161.98	0.129161
1168.03	0.128687
1174.08	0.129923
1180.14	0.129211
1186.19	0.129113
1192.24	0.128616
1198.29	0.128228
1204.34	0.128246
1210.4	0.128005
1216.45	0.127787
1222.5	0.126941
1228.55	0.126143
1234.6	0.126704
1240.66	0.125733
1246.71	0.126063
1252.76	0.125623
1258.81	0.125002
1264.86	0.125103
1270.92	0.123975
1276.97	0.124196
1283.02	0.122318
1289.07	0.122307
1295.12	0.122915
1301.18	0.122384
1307.23	0.12264
1313.28	0.122033
1319.33	0.12154
1325.38	0.120472
1331.44	0.121319
1337.49	0.119587
1343.54	0.119939
1349.59	0.118879
1355.64	0.118669
1361.7	0.118334
1367.75	0.117441
1373.8	0.118123
1379.85	0.11728
1385.9	0.117169
1391.96	0.116518
1398.01	0.115978
1404.06	0.115974
1410.11	0.114901
1416.16	0.116008
1422.22	0.115036
1428.27	0.114184
1434.32	0.114718
1440.37	0.114883
1446.42	0.114427
1452.48	0.114088
1458.53	0.113618
1464.58	0.113156
1470.63	0.113272
1476.68	0.113143
1482.74	0.113063
1488.79	0.111675
1494.84	0.147444
1500.89	0.0605941
1506.94	0.0908068
1513	0.0909853
1519.05	0.0910737
1525.1	0.0909567
1531.15	0.0900878
1537.2	0.0900903
1543.26	0.0900383
1549.31	0.0904984
1555.36	0.090666
1561.41	0.0899307
1567.46	0.0908317
1573.51	0.0902335
1579.57	0.0898001
1585.62	0.0898832
1591.67	0.0890924
1597.72	0.0886655
1603.77	0.0881914
1609.83	0.088122
1615.88	0.0885795
1621.93	0.0879641
1627.98	0.0868088
1634.03	0.0871042
1640.09	0.0872215
1646.14	0.0869573
1652.19	0.0872635
1658.24	0.0867757
1664.29	0.0856087
1670.35	0.0853664
1676.4	0.0848085
1682.45	0.0842696
1688.5	0.0852436
1694.55	0.0838484
1700.61	0.0841699
1706.66	0.0842146
1712.71	0.0837566
1718.76	0.0829864
1724.81	0.0832674
1730.87	0.0829954
1736.92	0.0836727
1742.97	0.0834098
1749.02	0.0835874
1755.07	0.082536
1761.13	0.082594
1767.18	0.0825943
1773.23	0.0822964
1779.28	0.0831446
1785.33	0.0828288
1791.39	0.0827853
1797.44	0.082243
1803.49	0.082399
1809.54	0.0821571
1815.59	0.0813584
1821.65	0.0820817
1827.7	0.0810125
1833.75	0.081274
1839.8	0.0816055
1845.85	0.0809198
1851.91	0.0794337
1857.96	0.0794761
1864.01	0.0797249
1870.06	0.0792758
1876.11	0.078981
1882.17	0.0786283
1888.22	0.0787803
1894.27	0.0779201
1900.32	0.0780872
1906.37	0.0772427
1912.43	0.0779565
1918.48	0.0776537
1924.53	0.0782826
1930.58	0.0781485
1936.63	0.0779924
1942.69	0.0773916
1948.74	0.0772078
1954.79	0.0770934
1960.84	0.0767369
1966.89	0.0782424
1972.95	0.0772127
1979	0.0768508
1985.05	0.0768317
1991.1	0.0760349
1997.15	0.0761178
2003.21	0.0766447
2009.26	0.076127
2015.31	0.0762826
2021.36	0.0762362
2027.41	0.0759051
2033.47	0.0758677
2039.52	0.0763411
2045.57	0.0756448
2051.62	0.0760814
2057.67	0.075629
2063.73	0.0754599
2069.78	0.0749816
2075.83	0.0750491
2081.88	0.0747815
2087.93	0.0740864
2093.99	0.0731704
2100.04	0.0735735
2106.09	0.072917
2112.14	0.0730226
2118.19	0.0733169
2124.25	0.0732884
2130.3	0.0729546
2136.35	0.0732973
2142.4	0.0729688
2148.45	0.0721693
2154.51	0.0723635
2160.56	0.0724339
2166.61	0.0727303
2172.66	0.0722549
2178.71	0.0723927
2184.77	0.0727403
2190.82	0.0727637
2196.87	0.0723281
2202.92	0.0719301
2208.97	0.0721116
2215.02	0.0716609
2221.08	0.0715629
2227.13	0.0714019
2233.18	0.0716044
2239.23	0.0712579
2245.28	0.0713783
2251.34	0.0714812
2257.39	0.0707401
2263.44	0.0700924
2269.49	0.0706868
2275.54	0.0691639
2281.6	0.0698387
2287.65	0.0701367
2293.7	0.0697165
2299.75	0.0693866
2305.8	0.0693445
2311.86	0.0694134
2317.91	0.0693234
2323.96	0.0688483
2330.01	0.0688158
2336.06	0.0686992
2342.12	0.0681566
2348.17	0.0684189
2354.22	0.0689453
2360.27	0.068516
2366.32	0.0680449
2372.38	0.0674222
2378.43	0.0676727
2384.48	0.0674235
2390.53	0.0674085
2396.58	0.067205
2402.64	0.0671021
2408.69	0.0665682
2414.74	0.0667043
2420.79	0.0659015
2426.84	0.0663596
2432.9	0.0656309
2438.95	0.0658509
2445	0.065408
2451.05	0.0651148
2457.1	0.065055
2463.16	0.0658835
2469.21	0.0657026
2475.26	0.0649492
2481.31	0.0660079
2487.36	0.0657001
2493.42	0.0647532
2499.47	0.0648845
2505.52	0.0647671
2511.57	0.0651173
2517.62	0.0648272
2523.68	0.0642868
2529.73	0.0648047
2535.78	0.0644358
2541.83	0.0647101
2547.88	0.0643614
2553.94	0.0649609
2559.99	0.0643639
2566.04	0.0637839
2572.09	0.0638027
2578.14	0.0640209
2584.2	0.063411
2590.25	0.0635277
2596.3	0.0632429
2602.35	0.0629905
2608.4	0.0626541
2614.46	0.063201
2620.51	0.0627517
2626.56	0.0629319
2632.61	0.062602
2638.66	0.0624138
2644.72	0.0625861
2650.77	0.0629745
2656.82	0.0620199
2662.87	0.0618047
2668.92	0.0611763
2674.98	0.0620373
2681.03	0.0612801
2687.08	0.0616616
2693.13	0.0611432
2699.18	0.0609852
2705.24	0.0611284
2711.29	0.0612192
2717.34	0.0612918
2723.39	0.0615986
2729.44	0.0612749
2735.5	0.0609759
2741.55	0.061346
2747.6	0.060256
2753.65	0.0607929
2759.7	0.0603464
2765.76	0.0606577
2771.81	0.0607495
2777.86	0.0611004
2783.91	0.0601564
2789.96	0.0601986
2796.02	0.0600254
2802.07	0.0596515
2808.12	0.0598254
2814.17	0.0603426
2820.22	0.0593842
2826.27	0.0596805
2832.33	0.0600093
2838.38	0.0594325
2844.43	0.0593125
2850.48	0.0596315
2856.53	0.0596201
2862.59	0.0599555
2868.64	0.0591967
2874.69	0.0594384
2880.74	0.0596346
2886.79	0.0586422
2892.85	0.0592165
2898.9	0.0587048
2904.95	0.0585861
2911	0.0580339
2917.05	0.0573541
2923.11	0.0574609
2929.16	0.0571151
2935.21	0.0571089
2941.26	0.0571452
2947.31	0.0568908
2953.37	0.0570958
2959.42	0.0566972
2965.47	0.0576128
2971.52	0.0570491
2977.57	0.0564251
2983.63	0.0564819
2989.68	0.0561497
2995.73	0.0560091
3001.78	0.0561436
3007.83	0.0553454
3013.89	0.0552228
3019.94	0.0561291
3025.99	0.0557557
3032.04	0.0555667
3038.09	0.0556542
3044.15	0.0552282
3050.2	0.0553991
3056.25	0.0550829
3062.3	0.0549286
3068.35	0.0549058
3074.41	0.0544079
3080.46	0.0540417
3086.51	0.054787
3092.56	0.0556141
3098.61	0.0551922
3104.67	0.0542982
3110.72	0.0539749
3116.77	0.0540319
3122.82	0.0541333
3128.87	0.0538701
3134.93	0.0537223
3140.98	0.0544647
3147.03	0.0542521
3153.08	0.0535154
3159.13	0.0534112
3165.19	0.0542617
3171.24	0.0532585
3177.29	0.0532586
3183.34	0.0527933
3189.39	0.0528081
3195.45	0.0531534
3201.5	0.0528073
3207.55	0.0520965
3213.6	0.0522866
3219.65	0.0522527
3225.71	0.0521341
3231.76	0.052011
3237.81	0.0522586
3243.86	0.0523695
3249.91	0.0528017
3255.97	0.0529236
3262.02	0.0524166
3268.07	0.0520124
3274.12	0.0522534
3280.17	0.051892
3286.23	0.0521263
3292.28	0.0515584
3298.33	0.0517624
3304.38	0.0517923
3310.43	0.0515338
3316.49	0.051611
3322.54	0.0519431
3328.59	0.0518625
3334.64	0.0517162
3340.69	0.0518651
3346.75	0.0511115
3352.8	0.0513623
3358.85	0.0511761
3364.9	0.0516406
3370.95	0.0509268
3377.01	0.0515545
3383.06	0.0517714
3389.11	0.0519383
3395.16	0.051162
3401.21	0.0510004
3407.27	0.0507116
3413.32	0.0504509
3419.37	0.050369
3425.42	0.0509676
3431.47	0.0511004
3437.53	0.0505912
3443.58	0.0507617
3449.63	0.0509177
3455.68	0.0502518
3461.73	0.0497185
3467.78	0.0500541
3473.84	0.0498199
3479.89	0.0498396
3485.94	0.0501363
3491.99	0.0494549
3498.04	0.0490924
3504.1	0.0489406
3510.15	0.0489543
3516.2	0.048816
3522.25	0.0485137
3528.3	0.0483399
3534.36	0.048468
3540.41	0.048276
3546.46	0.0476756
3552.51	0.0479291
3558.56	0.0478936
3564.62	0.0482489
3570.67	0.0478238
3576.72	0.0480589
3582.77	0.0477032
3588.82	0.0472296
3594.88	0.0481247
3600.93	0.0478858
3606.98	0.047662
3613.03	0.0471378
3619.08	0.047293
3625.14	0.047182
3631.19	0.0475469
3637.24	0.0473095
3643.29	0.0475452
3649.34	0.0465891
3655.4	0.047254
3661.45	0.0464787
3667.5	0.0466938
3673.55	0.0462158
3679.6	0.0466415
3685.66	0.0463529
3691.71	0.0462732
3697.76	0.0463224
3703.81	0.0463542
3709.86	0.0463307
3715.92	0.0462607
3721.97	0.0463983
3728.02	0.0459679
3734.07	0.045355
3740.12	0.0456214
3746.18	0.0454809
3752.23	0.0460311
3758.28	0.0454025
3764.33	0.0446998
3770.38	0.0451505
3776.44	0.044978
3782.49	0.0449515
3788.54	0.0452036
3794.59	0.0453469
3800.64	0.0456371
3806.7	0.0451707
3812.75	0.0452204
3818.8	0.0454736
3824.85	0.0449595
3830.9	0.0457711
3836.96	0.045395
3843.01	0.044477
3849.06	0.0450883
3855.11	0.04491
3861.16	0.0449472
3867.22	0.0438694
3873.27	0.0441234
3879.32	0.0441148
3885.37	0.043788
3891.42	0.0439761
3897.48	0.0438203
3903.53	0.0442938
3909.58	0.0438251
3915.63	0.0439875
3921.68	0.0436301
3927.74	0.0437916
3933.79	0.0434892
3939.84	0.0435772
3945.89	0.0436891
3951.94	0.042657
3958	0.0428356
3964.05	0.0428144
3970.1	0.0432519
3976.15	0.042449
3982.2	0.0427001
3988.26	0.0421192
3994.31	0.0419697
4000.36	0.0418872
4006.41	0.0423677
4012.46	0.0423783
4018.52	0.0431204
4024.57	0.0427386
4030.62	0.0425873
4036.67	0.0424276
4042.72	0.0420965
4048.78	0.0425163
4054.83	0.0421835
4060.88	0.0427367
4066.93	0.042523
4072.98	0.0418777
4079.04	0.0415395
4085.09	0.0417976
4091.14	0.0416174
4097.19	0.0410677
4103.24	0.0411425
4109.29	0.0406973
4115.35	0.041282
4121.4	0.0408445
4127.45	0.0410151
4133.5	0.0402432
4139.55	0.0408459
4145.61	0.0409519
4151.66	0.0411669
4157.71	0.0407076
4163.76	0.0408876
4169.81	0.0407695
4175.87	0.0405172
4181.92	0.0406525
4187.97	0.0401672
4194.02	0.0402035
4200.07	0.0400354
4206.13	0.0400588
4212.18	0.0397764
4218.23	0.0398703
4224.28	0.0393601
4230.33	0.0391324
4236.39	0.0393425
4242.44	0.0390504
4248.49	0.0384745
4254.54	0.0394143
4260.59	0.0387451
4266.65	0.0386092
4272.7	0.0388567
4278.75	0.0383303
4284.8	0.0387887
4290.85	0.03851
4296.91	0.0381622
4302.96	0.0380997
4309.01	0.0383623
4315.06	0.0382907
4321.11	0.0382043
4327.17	0.0376908
4333.22	0.0380683
4339.27	0.0377166
4345.32	0.0381591
4351.37	0.0386646
4357.43	0.0391436
4363.48	0.0388887
4369.53	0.0387333
4375.58	0.0384127
4381.63	0.0383848
4387.69	0.0385906
4393.74	0.0383514
4399.79	0.0383346
4405.84	0.0387433
4411.89	0.038261
4417.95	0.0382015
4424	0.0382572
4430.05	0.0377199
4436.1	0.0369567
4442.15	0.0375124
4448.21	0.0370386
4454.26	0.0370559
4460.31	0.0369532
4466.36	0.0371242
4472.41	0.0372253
4478.47	0.0368102
4484.52	0.0372821
4490.57	0.0370882
4496.62	0.036554
4502.67	0.0366134
4508.73	0.0360758
4514.78	0.0364744
4520.83	0.0363626
4526.88	0.0365432
4532.93	0.0360618
4538.99	0.0359371
4545.04	0.0357144
4551.09	0.0363673
4557.14	0.0361054
4563.19	0.0356564
4569.25	0.0361301
4575.3	0.0357703
4581.35	0.0357101
4587.4	0.0359529
4593.45	0.0364455
4599.51	0.0367789
4605.56	0.0357168
4611.61	0.0359963
4617.66	0.0360396
4623.71	0.0354878
4629.77	0.0360715
4635.82	0.0356388
4641.87	0.0360743
4647.92	0.0358577
4653.97	0.0350766
4660.03	0.0351497
4666.08	0.0352362
4672.13	0.035141
4678.18	0.0357424
4684.23	0.0351251
4690.29	0.0354401
4696.34	0.0356365
4702.39	0.0349027
4708.44	0.0347194
4714.49	0.0346406
4720.54	0.0350551
4726.6	0.0355518
4732.65	0.034687
4738.7	0.0346546
4744.75	0.0349162
4750.8	0.0348002
4756.86	0.0350785
4762.91	0.0340518
4768.96	0.0342427
4775.01	0.0341373
4781.06	0.0338251
4787.12	0.0338413
4793.17	0.033542
4799.22	0.0334225
4805.27	0.0336762
4811.32	0.0332973
4817.38	0.0336609
4823.43	0.0335374
4829.48	0.0337371
4835.53	0.0337529
4841.58	0.0335729
4847.64	0.0329174
4853.69	0.0331454
4859.74	0.0336872
4865.79	0.0333121
4871.84	0.0333819
4877.9	0.032659
4883.95	0.03302
4890	0.0332994
4896.05	0.0332703
4902.1	0.0334095
4908.16	0.0332226
4914.21	0.0330736
4920.26	0.0328103
4926.31	0.0330781
4932.36	0.0335036
4938.42	0.0334424
4944.47	0.0333763
4950.52	0.033143
4956.57	0.0326915
4962.62	0.0325588
4968.68	0.0325671
4974.73	0.03237
4980.78	0.0322747
4986.83	0.0324655
4992.88	0.0322997
4998.94	0.0321941
5004.99	0.0323063
5011.04	0.0321341
5017.09	0.0322502
5023.14	0.0319835
5029.2	0.0316642
5035.25	0.0320021
5041.3	0.0313296
5047.35	0.0312923
5053.4	0.031799
5059.46	0.0310599
5065.51	0.031655
5071.56	0.0311977
5077.61	0.0315082
5083.66	0.0314628
5089.72	0.0317993
5095.77	0.0315634
5101.82	0.0310334
5107.87	0.0316514
5113.92	0.0317242
5119.98	0.0314003
5126.03	0.0315248
5132.08	0.0316161
5138.13	0.0310265
5144.18	0.0308944
5150.24	0.0311796
5156.29	0.0312416
5162.34	0.0305761
5168.39	0.0306056
5174.44	0.0307645
5180.5	0.0309219
5186.55	0.0305482
5192.6	0.0303479
5198.65	0.0306246
5204.7	0.030979
5210.76	0.0302436
5216.81	0.03059
5222.86	0.0300645
5228.91	0.0300091
5234.96	0.030333
5241.02	0.0303631
5247.07	0.030117
5253.12	0.0292418
5259.17	0.0288238
5265.22	0.0291497
5271.28	0.0286003
5277.33	0.0289899
5283.38	0.0288925
5289.43	0.0285054
5295.48	0.02903
5301.54	0.0291625
5307.59	0.0286968
5313.64	0.0284787
5319.69	0.0287993
5325.74	0.0285999
5331.8	0.028273
5337.85	0.0291072
5343.9	0.0284438
5349.95	0.0287398
5356	0.0288132
5362.05	0.0287896
5368.11	0.0289934
5374.16	0.0282796
5380.21	0.0283926
5386.26	0.0277509
5392.31	0.0283898
5398.37	0.0280468
5404.42	0.0277034
5410.47	0.0277041
5416.52	0.0273026
5422.57	0.0273114
5428.63	0.0273426
5434.68	0.0270778
5440.73	0.0273608
5446.78	0.0277755
5452.83	0.026792
5458.89	0.0274298
5464.94	0.0273889
5470.99	0.0272162
5477.04	0.0272109
5483.09	0.026663
5489.15	0.0268468
5495.2	0.0268898
5501.25	0.0262922
5507.3	0.0265449
5513.35	0.0265161
5519.41	0.0263389
5525.46	0.0264498
5531.51	0.0266894
5537.56	0.026132
5543.61	0.0264533
5549.67	0.0264688
5555.72	0.0267555
5561.77	0.0260122
5567.82	0.0258767
5573.87	0.0257417
5579.93	0.0253279
5585.98	0.0257894
5592.03	0.0250398
5598.08	0.0257518
5604.13	0.0260511
5610.19	0.0256917
5616.24	0.0261824
5622.29	0.0260668
5628.34	0.0268293
5634.39	0.0264748
5640.45	0.0267473
5646.5	0.0265581
5652.55	0.026355
5658.6	0.0265659
5664.65	0.0260698
5670.71	0.025955
5676.76	0.0258939
5682.81	0.0261821
5688.86	0.0256528
5694.91	0.0258973
5700.97	0.0257792
5707.02	0.0263288
5713.07	0.02603
5719.12	0.0257834
5725.17	0.0258159
5731.23	0.0255472
5737.28	0.0250107
5743.33	0.0249621
5749.38	0.0249658
5755.43	0.0250224
5761.49	0.0253835
5767.54	0.0246476
5773.59	0.0248554
5779.64	0.0245783
5785.69	0.0247138
5791.75	0.0249025
5797.8	0.0250021
5803.85	0.0255214
5809.9	0.0249907
5815.95	0.0243952
5822.01	0.0241432
5828.06	0.0241593
5834.11	0.0240432
5840.16	0.02377
5846.21	0.0234811
5852.27	0.0231325
5858.32	0.0236185
5864.37	0.0231365
5870.42	0.0233938
5876.47	0.0233994
5882.53	0.0240731
5888.58	0.0238042
5894.63	0.0238877
5900.68	0.0242608
5906.73	0.0239364
5912.79	0.0238559
5918.84	0.0239795
5924.89	0.0242495
5930.94	0.0237997
5936.99	0.0238631
5943.05	0.0240718
5949.1	0.0238113
5955.15	0.0237033
5961.2	0.0234651
5967.25	0.023294
5973.3	0.0231216
5979.36	0.0231216
5985.41	0.0229836
5991.46	0.0228523
5997.51	0.0230865
6003.56	0.0227616
6009.62	0.0233189
6015.67	0.0230938
6021.72	0.0228669
6027.77	0.022888
6033.82	0.0225245
6039.88	0.0221275
6045.93	0.0223846
6051.98	0.0226524
6058.03	0.0220844
6064.08	0.0219003
6070.14	0.0220545
6076.19	0.0220123
6082.24	0.0219358
6088.29	0.021875
6094.34	0.0219543
6100.4	0.0219018
6106.45	0.0218825
6112.5	0.0225729
6118.55	0.0220179
6124.6	0.0219603
6130.66	0.0213366
6136.71	0.0210795
6142.76	0.0216637
6148.81	0.0217254
6154.86	0.0214789
6160.92	0.0219948
6166.97	0.0215948
6173.02	0.0216085
6179.07	0.021766
6185.12	0.0216873
6191.18	0.0219688
6197.23	0.0219062
6203.28	0.022019
6209.33	0.0218393
6215.38	0.022158
6221.44	0.0217787
6227.49	0.022076
6233.54	0.0215995
6239.59	0.0214338
6245.64	0.0214321
6251.7	0.0211439
6257.75	0.0208076
6263.8	0.0211082
6269.85	0.02136
6275.9	0.0212647
6281.96	0.0211097
6288.01	0.0209097
6294.06	0.0210423
6300.11	0.0210255
6306.16	0.020435
6312.22	0.0201085
6318.27	0.0205699
6324.32	0.0204087
6330.37	0.0208761
6336.42	0.0210192
6342.48	0.0211879
6348.53	0.0207688
6354.58	0.0205063
6360.63	0.0205688
6366.68	0.0200255
6372.74	0.0206449
6378.79	0.0203724
6384.84	0.0204585
6390.89	0.0208984
6396.94	0.0207408
6403	0.0207114
6409.05	0.0206419
6415.1	0.0208889
6421.15	0.0205348
6427.2	0.020629
6433.26	0.020297
6439.31	0.0204714
6445.36	0.0205188
6451.41	0.0206281
6457.46	0.0200463
6463.52	0.0200625
6469.57	0.0199634
6475.62	0.0197333
6481.67	0.0197622
6487.72	0.0199249
6493.78	0.0200717
6499.83	0.0197406
6505.88	0.0193623
6511.93	0.0189749
6517.98	0.0190644
6524.04	0.0190583
6530.09	0.0196713
6536.14	0.0190761
6542.19	0.0191276
6548.24	0.0186305
6554.3	0.0189812
6560.35	0.0187976
6566.4	0.0192068
6572.45	0.019069
6578.5	0.0186829
6584.56	0.0187749
6590.61	0.0186773
6596.66	0.0194349
6602.71	0.0189222
6608.76	0.0184874
6614.81	0.0181448
6620.87	0.0183032
6626.92	0.018633
6632.97	0.0182834
6639.02	0.0181366
6645.07	0.0177377
6651.13	0.0178778
6657.18	0.0173732
6663.23	0.0177758
6669.28	0.0180331
6675.33	0.0177996
6681.39	0.0179713
6687.44	0.0178679
6693.49	0.0180201
6699.54	0.0177104
6705.59	0.0175557
6711.65	0.0178318
6717.7	0.0180535
6723.75	0.0177629
6729.8	0.0176724
6735.85	0.01779
6741.91	0.0180424
6747.96	0.0177802
6754.01	0.0176746
6760.06	0.0182237
6766.11	0.0177916
6772.17	0.0176932
6778.22	0.0178726
6784.27	0.0169411
6790.32	0.0171985
6796.37	0.0170331
6802.43	0.0166002
6808.48	0.0166442
6814.53	0.0168944
6820.58	0.0166218
6826.63	0.0165654
6832.69	0.0165104
6838.74	0.0163934
6844.79	0.0163625
6850.84	0.0163173
6856.89	0.0163876
6862.95	0.0165971
6869	0.0162969
6875.05	0.0161576
6881.1	0.0161282
6887.15	0.0166484
6893.21	0.016075
6899.26	0.0158075
6905.31	0.0159301
6911.36	0.0162165
6917.41	0.0160933
6923.47	0.0156874
6929.52	0.0161638
6935.57	0.0163324
6941.62	0.0165873
6947.67	0.0163611
6953.73	0.0165751
6959.78	0.0159256
6965.83	0.0154384
6971.88	0.0155658
6977.93	0.0157182
6983.99	0.0153569
6990.04	0.0155144
6996.09	0.0156756
7002.14	0.0152713
7008.19	0.0150769
7014.25	0.014934
7020.3	0.0153902
7026.35	0.0158497
7032.4	0.0158744
7038.45	0.015766
7044.51	0.0149504
7050.56	0.0146148
7056.61	0.014907
7062.66	0.0149207
7068.71	0.0151544
7074.77	0.0147768
7080.82	0.0147856
7086.87	0.0147804
7092.92	0.0145426
7098.97	0.0147676
7105.03	0.0147213
7111.08	0.014422
7117.13	0.0150591
7123.18	0.0147432
7129.23	0.0148212
7135.29	0.0148643
7141.34	0.0147834
7147.39	0.0143427
7153.44	0.0142867
7159.49	0.0143775
7165.55	0.0142565
7171.6	0.0141201
7177.65	0.0141485
7183.7	0.0143241
7189.75	0.0142987
7195.81	0.0140523
7201.86	0.014149
7207.91	0.0141918
7213.96	0.0140411
7220.01	0.0138832
7226.06	0.0137229
7232.12	0.0140569
7238.17	0.0146645
7244.22	0.0143893
7250.27	0.0140717
7256.32	0.0138166
7262.38	0.0137948
7268.43	0.0135091
7274.48	0.0135624
7280.53	0.0137449
7286.58	0.0137495
7292.64	0.0137142
7298.69	0.0135259
7304.74	0.0137848
7310.79	0.0134684
7316.84	0.0132513
7322.9	0.0133663
7328.95	0.0135594
7335	0.0134755
7341.05	0.0138926
7347.1	0.0137687
7353.16	0.0135883
7359.21	0.0133953
7365.26	0.0133378
7371.31	0.013068
7377.36	0.0132448
7383.42	0.0131808
7389.47	0.0129721
7395.52	0.0128117
7401.57	0.0126533
7407.62	0.0128658
7413.68	0.0130671
7419.73	0.0127619
7425.78	0.0131148
7431.83	0.0129523
7437.88	0.0133059
7443.94	0.0133122
7449.99	0.0130932
7456.04	0.013232
7462.09	0.0130697
7468.14	0.0127951
7474.2	0.0126791
7480.25	0.0123491
7486.3	0.0125609
7492.35	0.0123695
7498.4	0.0124857
7504.46	0.0120963
7510.51	0.0124978
7516.56	0.0126035
7522.61	0.0121735
7528.66	0.0122468
7534.72	0.012202
7540.77	0.0123083
7546.82	0.0124152
7552.87	0.0121704
7558.92	0.0122485
7564.98	0.0121262
7571.03	0.0120215
7577.08	0.0121135
7583.13	0.01214
7589.18	0.0120509
7595.24	0.0117236
7601.29	0.011695
7607.34	0.0121857
7613.39	0.0122966
7619.44	0.0122464
7625.5	0.0122029
7631.55	0.0124241
7637.6	0.0120563
7643.65	0.0119989
7649.7	0.0119222
7655.76	0.0115358
7661.81	0.011835
7667.86	0.0115621
7673.91	0.0120979
7679.96	0.0117423
7686.02	0.0114427
7692.07	0.0112041
7698.12	0.0111307
7704.17	0.0113022
7710.22	0.0112579
7716.28	0.011193
7722.33	0.0113746
7728.38	0.0117109
7734.43	0.0112814
7740.48	0.0114803
7746.54	0.0111227
7752.59	0.0112038
7758.64	0.0114134
7764.69	0.0111214
7770.74	0.0112752
7776.8	0.0111652
7782.85	0.0109963
7788.9	0.0109004
7794.95	0.0104361
7801	0.0109144
7807.06	0.0109611
7813.11	0.0108856
7819.16	0.0108568
7825.21	0.0112775
7831.26	0.0112855
7837.32	0.0108343
7843.37	0.0111533
7849.42	0.010768
7855.47	0.0108344
7861.52	0.0113197
7867.57	0.0112764
7873.63	0.0109067
7879.68	0.0111772
7885.73	0.010845
7891.78	0.0106123
7897.83	0.0107436
7903.89	0.0106802
7909.94	0.0107072
7915.99	0.0108351
7922.04	0.010209
7928.09	0.0103491
7934.15	0.0103158
7940.2	0.0104562
7946.25	0.0103706
7952.3	0.0106628
7958.35	0.010811
7964.41	0.0101297
7970.46	0.0106073
7976.51	0.0104236
7982.56	0.0103685
7988.61	0.0104654
7994.67	0.0101637
8000.72	0.00999138
8006.77	0.0101962
8012.82	0.00982127
8018.87	0.00978106
8024.93	0.0102289
8030.98	0.0105409
8037.03	0.00977412
8043.08	0.0100459
8049.13	0.010067
8055.19	0.0100104
8061.24	0.00982412
8067.29	0.00936323
8073.34	0.0100217
8079.39	0.00981627
8085.45	0.0096169
8091.5	0.00972804
8097.55	0.009863
8103.6	0.00959878
8109.65	0.00979864
8115.71	0.00957611
8121.76	0.00942339
8127.81	0.00941952
8133.86	0.00952819
8139.91	0.00964905
8145.97	0.00915855
8152.02	0.00974084
8158.07	0.00981181
8164.12	0.00976547
8170.17	0.00992585
8176.23	0.00963047
8182.28	0.00976594
8188.33	0.00918193
8194.38	0.0096383
8200.43	0.00977329
8206.49	0.00943645
8212.54	0.00931433
8218.59	0.00909666
8224.64	0.00901313
8230.69	0.00905943
8236.75	0.00902721
8242.8	0.00892085
8248.85	0.00920183
8254.9	0.00922015
8260.95	0.00901796
8267.01	0.00895971
8273.06	0.00949767
8279.11	0.00917478
8285.16	0.00910932
8291.21	0.00880419
8297.27	0.00864385
8303.32	0.00882487
8309.37	0.00878696
8315.42	0.00880306
8321.47	0.00879083
8327.53	0.00851665
8333.58	0.00847093
8339.63	0.00879075
8345.68	0.00862759
8351.73	0.00879333
8357.79	0.00875382
8363.84	0.00909357
8369.89	0.00885295
8375.94	0.00878815
8381.99	0.00849668
8388.05	0.00831334
8394.1	0.00846089
8400.15	0.00840271
8406.2	0.00830421
8412.25	0.0080701
8418.31	0.0083578
8424.36	0.00898111
8430.41	0.00850334
8436.46	0.00822793
8442.51	0.00840445
8448.57	0.00814409
8454.62	0.00803105
8460.67	0.00802267
8466.72	0.00795167
8472.77	0.00779166
8478.82	0.00761538
8484.88	0.00753422
8490.93	0.00759757
8496.98	0.00798636
8503.03	0.00778392
8509.08	0.00772453
8515.14	0.00755999
8521.19	0.00797914
8527.24	0.00776472
8533.29	0.0083451
8539.34	0.00798921
8545.4	0.00743924
8551.45	0.0073598
8557.5	0.00733172
8563.55	0.00721055
8569.6	0.00718407
8575.66	0.00713681
8581.71	0.00722689
8587.76	0.00721939
8593.81	0.00692116
8599.86	0.00720878
8605.92	0.00734314
8611.97	0.00725642
8618.02	0.00721233
8624.07	0.00712902
8630.12	0.00704436
8636.18	0.00692579
8642.23	0.00706646
8648.28	0.00693483
8654.33	0.00666873
8660.38	0.00680429
8666.44	0.0067924
8672.49	0.00670375
8678.54	0.00671469
8684.59	0.00675249
8690.64	0.00649116
8696.7	0.00677218
8702.75	0.00683431
8708.8	0.00672936
8714.85	0.00692837
8720.9	0.00675952
8726.96	0.00636022
8733.01	0.00649732
8739.06	0.00638327
8745.11	0.00640735
8751.16	0.00610166
8757.22	0.00635175
8763.27	0.0063529
8769.32	0.00641992
8775.37	0.00675567
8781.42	0.00646499
8787.48	0.00627194
8793.53	0.0065268
8799.58	0.00633832
8805.63	0.0064163
8811.68	0.00637163
8817.74	0.00615196
8823.79	0.00615451
8829.84	0.00638829
8835.89	0.0060575
8841.94	0.00606784
8848	0.00613925
8854.05	0.00613579
8860.1	0.00645343
8866.15	0.00647051
8872.2	0.00642411
8878.26	0.00643595
8884.31	0.00652679
8890.36	0.00621246
8896.41	0.00615838
8902.46	0.00584935
8908.52	0.00584428
8914.57	0.00593302
8920.62	0.00592407
8926.67	0.00596501
8932.72	0.00590832
8938.78	0.00577488
8944.83	0.00576211
8950.88	0.00570932
8956.93	0.0055828
8962.98	0.00571474
8969.04	0.00571558
8975.09	0.00554222
8981.14	0.00567913
8987.19	0.00587178
8993.24	0.00605243
8999.3	0.00621286
9005.35	0.00585717
9011.4	0.00600201
9017.45	0.00571945
9023.5	0.00559165
9029.56	0.00545788
9035.61	0.00570693
9041.66	0.00561042
9047.71	0.00554096
9053.76	0.00523138
9059.82	0.00544817
9065.87	0.00529628
9071.92	0.00543543
9077.97	0.00530562
9084.02	0.00551071
9090.08	0.00536197
9096.13	0.00518663
9102.18	0.00533896
9108.23	0.00545267
9114.28	0.005606
9120.33	0.00549006
9126.39	0.00583572
9132.44	0.00570054
9138.49	0.00560865
9144.54	0.00546243
9150.59	0.00575178
9156.65	0.00544729
9162.7	0.00562038
9168.75	0.00515731
9174.8	0.00533591
9180.85	0.00529692
9186.91	0.00501084
9192.96	0.00512872
9199.01	0.00517517
9205.06	0.00497048
9211.11	0.00481076
9217.17	0.00490487
9223.22	0.00495713
9229.27	0.00531257
9235.32	0.00492836
9241.37	0.00503863
9247.43	0.00488279
9253.48	0.00505954
9259.53	0.00512586
9265.58	0.00514903
9271.63	0.00511223
9277.69	0.00496322
9283.74	0.00516352
9289.79	0.00489583
9295.84	0.00467902
9301.89	0.00451649
9307.95	0.00464041
9314	0.00465682
9320.05	0.00466178
9326.1	0.00452119
9332.15	0.00457889
9338.21	0.00474991
9344.26	0.00478291
9350.31	0.00473702
9356.36	0.0046791
9362.41	0.00467702
9368.47	0.00474577
9374.52	0.0048428
9380.57	0.00479756
9386.62	0.00463947
9392.67	0.00456509
9398.73	0.00465611
9404.78	0.00450216
9410.83	0.00450883
9416.88	0.00467991
9422.93	0.00465043
9428.99	0.0048623
9435.04	0.00481059
9441.09	0.0047863
9447.14	0.00450216
9453.19	0.00433018
9459.25	0.00453806
9465.3	0.00432287
9471.35	0.00443091
9477.4	0.00429275
9483.45	0.00411337
9489.51	0.00434576
9495.56	0.00438421
9501.61	0.00429808
9507.66	0.0042815
9513.71	0.00441158
9519.77	0.00401774
9525.82	0.00437314
9531.87	0.00458962
9537.92	0.00444529
9543.97	0.00436212
9550.03	0.00433048
9556.08	0.00440005
9562.13	0.00427359
9568.18	0.00376173
9574.23	0.00382451
9580.29	0.00378429
9586.34	0.00365173
9592.39	0.00380229
9598.44	0.00392293
9604.49	0.00381667
9610.55	0.00366054
9616.6	0.00376111
9622.65	0.00359745
9628.7	0.00362231
9634.75	0.00397669
9640.81	0.00373958
9646.86	0.00372238
9652.91	0.00370401
9658.96	0.00341789
9665.01	0.00332053
9671.07	0.003588
9677.12	0.00357851
9683.17	0.00371889
9689.22	0.00358036
9695.27	0.003532
9701.33	0.00355178
9707.38	0.00366485
9713.43	0.003515
9719.48	0.00341848
9725.53	0.00352648
9731.58	0.00342969
9737.64	0.00353847
9743.69	0.00383808
9749.74	0.00380962
9755.79	0.00376429
9761.84	0.00352709
9767.9	0.00355619
9773.95	0.00350447
9780	0.0035465
9786.05	0.00339982
9792.1	0.00346765
9798.16	0.00349255
9804.21	0.00366059
9810.26	0.0037514
9816.31	0.00375466
9822.36	0.00356449
9828.42	0.00342712
9834.47	0.00345943
9840.52	0.00335463
9846.57	0.00325732
9852.62	0.00315586
9858.68	0.00352561
9864.73	0.00353692
9870.78	0.0032667
9876.83	0.0033076
9882.88	0.00333143
9888.94	0.00340248
9894.99	0.00343229
9901.04	0.00328048
9907.09	0.00322975
9913.14	0.00350744
9919.2	0.00340456
9925.25	0.00348329
9931.3	0.00341948
9937.35	0.00321836
9943.4	0.00323781
9949.46	0.00326325
9955.51	0.00321097
9961.56	0.00310315
9967.61	0.00313236
9973.66	0.00316575
9979.72	0.00327464
9985.77	0.00320974
9991.82	0.00323883
9997.87	0.0033726
10003.9	0.0030639
10010	0.00308974
10016	0.00298581
10022.1	0.00293232
10028.1	0.00300336
10034.2	0.00300786
10040.2	0.00291408
10046.3	0.0031494
10052.3	0.00291215
10058.4	0.00311388
10064.4	0.00301928
10070.5	0.00286994
10076.5	0.0028949
10082.6	0.00283491
10088.7	0.00298092
10094.7	0.0027973
10100.8	0.00290439
10106.8	0.00299068
10112.9	0.00291849
10118.9	0.0029393
10125	0.00288053
10131	0.00294851
10137.1	0.00305152
10143.1	0.00281955
10149.2	0.0028283
10155.2	0.00278406
10161.3	0.00276484
10167.3	0.00255905
10173.4	0.00262524
10179.4	0.0025944
10185.5	0.0027397
10191.5	0.00258756
10197.6	0.00261858
10203.6	0.00276385
10209.7	0.00277699
10215.7	0.0025049
10221.8	0.0026987
10227.8	0.00272887
10233.9	0.00275978
10240	0.00298968
10246	0.002866
10252.1	0.00273008
10258.1	0.00265315
10264.2	0.00270645
10270.2	0.0025372
10276.3	0.00242048
10282.3	0.00262956
10288.4	0.00254081
10294.4	0.00251007
10300.5	0.00242556
10306.5	0.00232348
10312.6	0.00236588
10318.6	0.00230473
10324.7	0.00235464
10330.7	0.00226359
10336.8	0.00225107
10342.8	0.00217639
10348.9	0.00220196
10354.9	0.00220106
10361	0.00210262
10367	0.00224829
10373.1	0.00224171
10379.1	0.00214972
10385.2	0.00199243
10391.3	0.00208832
10397.3	0.00210592
10403.4	0.00221427
10409.4	0.0021468
10415.5	0.00224271
10421.5	0.00206817
10427.6	0.00208907
10433.6	0.00210265
10439.7	0.00217115
10445.7	0.00222433
10451.8	0.00206827
10457.8	0.00202532
10463.9	0.00213059
10469.9	0.00214034
10476	0.00224283
10482	0.00221174
10488.1	0.00231327
10494.1	0.00215898
10500.2	0.00222704
10506.2	0.00208353
10512.3	0.00226001
10518.3	0.00211996
10524.4	0.00212028
10530.4	0.0020583
10536.5	0.00205373
10542.6	0.00193233
10548.6	0.00216139
10554.7	0.00196793
10560.7	0.00203297
10566.8	0.00214961
10572.8	0.00213695
10578.9	0.00200015
10584.9	0.00198371
10591	0.00208782
10597	0.00201115
10603.1	0.00202224
10609.1	0.00200102
10615.2	0.00203823
10621.2	0.00190552
10627.3	0.00182035
10633.3	0.00177096
10639.4	0.00180382
10645.4	0.00180043
10651.5	0.00190932
10657.5	0.00178708
10663.6	0.00184217
10669.6	0.00214446
10675.7	0.00172634
10681.7	0.00176127
10687.8	0.00179775
10693.8	0.00175575
10699.9	0.00166736
10706	0.00150979
10712	0.0015692
10718.1	0.0017698
10724.1	0.00168836
10730.2	0.00162538
10736.2	0.00175874
10742.3	0.00174938
10748.3	0.00167281
10754.4	0.00190325
10760.4	0.00175785
10766.5	0.00163339
10772.5	0.00175596
10778.6	0.00181024
10784.6	0.00184192
10790.7	0.00172511
10796.7	0.00165623
10802.8	0.00159023
10808.8	0.00150635
10814.9	0.00141475
10820.9	0.00155313
10827	0.00150316
10833	0.00159976
10839.1	0.0015103
10845.1	0.00171499
10851.2	0.00147338
10857.3	0.00130795
10863.3	0.00149583
10869.4	0.00134278
10875.4	0.00129802
10881.5	0.00135652
10887.5	0.00127327
10893.6	0.00141198
10899.6	0.00125774
10905.7	0.00128957
10911.7	0.00132636
10917.8	0.00131397
10923.8	0.00130947
10929.9	0.0013554
10935.9	0.00134435
10942	0.00135613
10948	0.00125612
10954.1	0.00113437
10960.1	0.00118585
10966.2	0.001199
10972.2	0.00140161
10978.3	0.00126177
10984.3	0.00113586
10990.4	0.00117769
10996.4	0.00120003
11002.5	0.00117333
11008.6	0.00123056
11014.6	0.00129164
11020.7	0.00123233
11026.7	0.00129167
11032.8	0.00122106
11038.8	0.00114146
11044.9	0.00111534
11050.9	0.00105611
11057	0.00110877
11063	0.00103271
11069.1	0.000890351
11075.1	0.00100947
11081.2	0.00103742
11087.2	0.000993916
11093.3	0.0010325
11099.3	0.00106138
11105.4	0.00101992
11111.4	0.00111035
11117.5	0.000978143
11123.5	0.00101898
11129.6	0.00102076
11135.6	0.000905251
11141.7	0.00102143
11147.7	0.000942116
11153.8	0.000933964
11159.9	0.00104642
11165.9	0.00109398
11172	0.00109677
11178	0.00103202
11184.1	0.00105945
11190.1	0.00104576
11196.2	0.0010297
11202.2	0.000966213
11208.3	0.000983472
11214.3	0.00104874
11220.4	0.00105798
11226.4	0.000940771
11232.5	0.000982412
11238.5	0.00110631
11244.6	0.00104029
11250.6	0.000994075
11256.7	0.000981442
11262.7	0.00090433
11268.8	0.000923066
11274.8	0.00097207
11280.9	0.000887744
11286.9	0.000864851
11293	0.000910326
11299	0.000912044
11305.1	0.000968742
11311.2	0.000952436
11317.2	0.000972576
11323.3	0.00100089
11329.3	0.00105313
11335.4	0.00099185
11341.4	0.00105811
11347.5	0.00100874
11353.5	0.00110907
11359.6	0.000997863
11365.6	0.000990226
11371.7	0.000978126
11377.7	0.00108805
11383.8	0.0010107
11389.8	0.000882519
11395.9	0.000869071
11401.9	0.000848654
11408	0.000933537
11414	0.000924861
11420.1	0.000959955
11426.1	0.00103252
11432.2	0.000909033
11438.2	0.00107039
11444.3	0.00104609
11450.3	0.00111566
11456.4	0.00116006
11462.5	0.00110549
11468.5	0.00105487
11474.6	0.000895942
11480.6	0.000959626
11486.7	0.000970125
11492.7	0.000996193
11498.8	0.000902441
11504.8	0.000999097
11510.9	0.000924248
11516.9	0.000933103
11523	0.000920388
11529	0.000875327
11535.1	0.000855526
11541.1	0.000855183
11547.2	0.000844272
11553.2	0.000895276
11559.3	0.000865624
11565.3	0.000795972
11571.4	0.000803986
11577.4	0.00079433
11583.5	0.000779752
11589.5	0.000827459
11595.6	0.000735956
11601.6	0.000773919
11607.7	0.000720469
11613.8	0.000682438
11619.8	0.000706864
11625.9	0.000740639
11631.9	0.000725127
11638	0.000796603
11644	0.000744337
11650.1	0.000782963
11656.1	0.000732978
11662.2	0.0006981
11668.2	0.00064547
11674.3	0.000689968
11680.3	0.000668092
11686.4	0.000622408
11692.4	0.000688092
11698.5	0.000642282
11704.5	0.000623676
11710.6	0.00067982
11716.6	0.000674431
11722.7	0.000619027
11728.7	0.000605367
11734.8	0.000600701
11740.8	0.00055112
11746.9	0.000594259
11752.9	0.000610688
11759	0.000672336
11765.1	0.00063115
11771.1	0.00056687
11777.2	0.00066255
11783.2	0.000691064
11789.3	0.000638441
11795.3	0.000656055
11801.4	0.00061125
11807.4	0.000630443
11813.5	0.000624313
11819.5	0.000596716
11825.6	0.000626974
11831.6	0.000666496
11837.7	0.000575775
11843.7	0.000574933
11849.8	0.000723121
11855.8	0.000663395
11861.9	0.000571584
11867.9	0.000550947
11874	0.000517954
11880	0.000500756
11886.1	0.000460574
11892.1	0.000588608
11898.2	0.000562304
11904.2	0.000552367
11910.3	0.00067877
11916.4	0.000622789
11922.4	0.000722282
11928.5	0.000612755
11934.5	0.000551812
11940.6	0.000506124
11946.6	0.000598541
11952.7	0.000733141
11958.7	0.000715833
11964.8	0.000582487
11970.8	0.000535938
11976.9	0.000535999
11982.9	0.000532437
11989	0.000523178
11995	0.00057604
12001.1	0.000542023
12007.1	0.000558711
12013.2	0.00054618
12019.2	0.000584856
12025.3	0.000579891
12031.3	0.000504364
12037.4	0.000492702
12043.4	0.000478541
12049.5	0.000512163
12055.5	0.000523233
12061.6	0.000429827
12067.6	0.000448213
12073.7	0.00042625
12079.8	0.00042719
12085.8	0.000372169
12091.9	0.000423832
12097.9	0.000478539
12104	0.000486409
12110	0.000488772
12116.1	0.000496821
12122.1	0.000566392
12128.2	0.000491418
12134.2	0.000491481
12140.3	0.000496975
12146.3	0.000515932
12152.4	0.000604408
12158.4	0.000599585
12164.5	0.000524164
12170.5	0.000476191
12176.6	0.000482595
12182.6	0.00049826
12188.7	0.000452228
12194.7	0.000524363
12200.8	0.000494384
12206.8	0.00055865
12212.9	0.000567097
12218.9	0.000429764
12225	0.000479704
12231.1	0.000413206
12237.1	0.000363042
12243.2	0.000423977
12249.2	0.000402586
12255.3	0.000402476
12261.3	0.000353699
12267.4	0.000386383
12273.4	0.000413118
12279.5	0.000393564
12285.5	0.000354346
12291.6	0.00034692
12297.6	0.000371628
12303.7	0.000350932
12309.7	0.000317658
12315.8	0.000406528
12321.8	0.000347151
12327.9	0.0003761
12333.9	0.000345491
12340	0.000328225
12346	0.000352242
12352.1	0.000315307
12358.1	0.00031554
12364.2	0.00030374
12370.2	0.000307628
12376.3	0.000246473
12382.4	0.000272935
12388.4	0.000305291
12394.5	0.000302335
12400.5	0.000313891
12406.6	0.00037862
12412.6	0.000320187
12418.7	0.000372892
12424.7	0.00036222
12430.8	0.000285308
12436.8	0.000268819
12442.9	0.000270999
12448.9	0.000295457
12455	0.000273393
12461	0.000304863
12467.1	0.000310777
12473.1	0.000313277
12479.2	0.0003086
12485.2	0.000283322
12491.3	0.0002832
12497.3	0.000268021
12503.4	0.000258664
12509.4	0.000253037
12515.5	0.000277338
12521.5	0.000252258
12527.6	0.000218738
12533.7	0.000211538
12539.7	0.000263335
12545.8	0.000202667
12551.8	0.000182295
12557.9	0.000194699
12563.9	0.000185801
12570	0.000264218
12576	0.000261776
12582.1	0.000213344
12588.1	0.000248496
12594.2	0.000205187
12600.2	0.000288538
12606.3	0.000263473
12612.3	0.000288724
12618.4	0.000253964
12624.4	0.000309629
12630.5	0.000249296
12636.5	0.000185992
12642.6	0.00022302
12648.6	0.000172427
12654.7	0.000192601
12660.7	0.00016349
12666.8	0.000154376
12672.8	0.00022299
12678.9	0.000216587
12685	0.000164427
12691	0.000231389
12697.1	0.000254269
12703.1	0.000244575
12709.2	0.00021445
12715.2	0.000250947
12721.3	0.000226022
12727.3	0.000219194
12733.4	0.000211558
12739.4	0.000231134
12745.5	0.000262111
12751.5	0.000238058
12757.6	0.00017949
12763.6	0.000238963
12769.7	0.000157258
12775.7	0.000203536
12781.8	0.000217135
12787.8	0.000214213
12793.9	0.00021372
12799.9	0.000209574
12806	0.000293856
12812	0.000226285
12818.1	0.000220555
12824.1	0.000186106
12830.2	0.000158825
12836.3	0.000225744
12842.3	0.000246072
12848.4	0.000225958
12854.4	0.000209216
12860.5	0.000149741
12866.5	0.000131724
12872.6	0.000212976
12878.6	0.000190473
12884.7	0.000180624
12890.7	0.000195485
12896.8	0.000190473
12902.8	0.000171119
12908.9	0.000144276
12914.9	0.000197013
12921	0.000172643
12927	0.000157866
12933.1	0.000186537
12939.1	0.000125571
12945.2	0.000111894
12951.2	0.000164554
12957.3	0.000165397
12963.3	0.000154108
12969.4	0.000137448
12975.4	0.000137868
12981.5	0.000143885
12987.6	0.00015233
12993.6	0.00015147
12999.7	0.000222935
13005.7	0.000191061
13011.8	0.000151934
13017.8	0.000132105
13023.9	0.000135789
13029.9	0.000118524
13036	0.000131009
13042	0.000212138
13048.1	0.000194835
13054.1	0.000194501
13060.2	0.000159675
13066.2	0.000138537
13072.3	0.000191667
13078.3	0.000168195
13084.4	0.000147034
13090.4	0.00016227
13096.5	0.000151369
13102.5	0.000157442
13108.6	0.000159974
13114.6	0.000173948
13120.7	0.000166828
13126.7	0.00014265
13132.8	0.00016499
13138.9	0.000171984
13144.9	0.000164417
13151	0.000216502
13157	0.00015788
13163.1	0.000167447
13169.1	0.000215843
13175.2	0.000206173
13181.2	0.000177563
13187.3	0.000147667
13193.3	0.00017283
13199.4	0.000141669
13205.4	0.000144287
13211.5	0.000219019
13217.5	0.000195186
13223.6	0.000201605
13229.6	0.000196911
13235.7	0.000190056
13241.7	0.000254271
13247.8	0.000158536
13253.8	0.000181921
13259.9	0.000146551
13265.9	0.000148913
13272	0.000186997
13278	0.000148512
13284.1	0.000127253
13290.1	0.00014802
13296.2	0.000158414
13302.3	0.000124368
13308.3	0.000160395
13314.4	0.000135279
13320.4	0.000164121
13326.5	0.000155253
13332.5	0.000126012
13338.6	0.00012699
13344.6	0.000113657
13350.7	9.79881e-05
13356.7	9.03754e-05
13362.8	8.96251e-05
13368.8	0.00011341
13374.9	0.000126716
13380.9	0.000126317
13387	0.000111681
13393	0.000129019
13399.1	0.000122087
13405.1	9.42559e-05
13411.2	0.000147836
13417.2	0.000126557
13423.3	0.000134473
13429.3	9.98961e-05
13435.4	9.88819e-05
13441.4	0.000105457
13447.5	0.000129203
13453.6	0.000123737
13459.6	0.00013792
13465.7	0.000129449
13471.7	0.000153752
13477.8	0.000125164
13483.8	0.000102472
13489.9	0.000121648
13495.9	0.000103298
13502	0.000141433
13508	0.000147658
13514.1	0.000169672
13520.1	0.00016992
13526.2	0.000184242
13532.2	0.000196973
13538.3	0.0001458
13544.3	0.000112026
13550.4	0.000100577
13556.4	0.000150847
13562.5	0.000137636
13568.5	0.000147605
13574.6	9.23849e-05
13580.6	7.84959e-05
13586.7	9.11798e-05
13592.7	8.83158e-05
13598.8	9.56124e-05
13604.9	9.50706e-05
13610.9	9.61956e-05
13617	8.41622e-05
13623	8.7477e-05
13629.1	0.00010698
13635.1	0.000110828
13641.2	9.31494e-05
13647.2	9.99839e-05
13653.3	0.000109682
13659.3	9.7742e-05
13665.4	8.44996e-05
13671.4	7.66318e-05
13677.5	7.57771e-05
13683.5	9.89573e-05
13689.6	9.77846e-05
13695.6	0.00010522
13701.7	0.000118537
13707.7	0.000131518
13713.8	0.000157296
13719.8	0.000154923
13725.9	0.000133501
13731.9	0.000100205
13738	0.000164178
13744	0.000118216
13750.1	9.26475e-05
13756.2	0.000147215
13762.2	0.000122628
13768.3	0.000163773
13774.3	0.000151337
13780.4	0.000141513
13786.4	0.000102395
13792.5	7.70269e-05
13798.5	8.32858e-05
13804.6	7.80645e-05
13810.6	0.000117517
13816.7	0.000109071
13822.7	9.18571e-05
13828.8	8.03492e-05
13834.8	9.20347e-05
13840.9	9.03875e-05
13846.9	8.12677e-05
13853	9.51889e-05
13859	0.000111578
13865.1	0.00012306
13871.1	0.000134507
13877.2	7.54222e-05
13883.2	0.000124336
13889.3	0.000110756
13895.3	8.80467e-05
13901.4	8.28503e-05
13907.5	7.70289e-05
13913.5	6.77103e-05
13919.6	7.16042e-05
13925.6	7.82057e-05
13931.7	0.00010314
13937.7	7.09815e-05
13943.8	6.85514e-05
13949.8	7.21675e-05
13955.9	6.27574e-05
13961.9	3.55185e-05
13968	4.72973e-05
13974	5.58272e-05
13980.1	5.78716e-05
13986.1	3.89498e-05
13992.2	3.92755e-05
13998.2	5.39612e-05
14004.3	4.24e-05
14010.3	5.14539e-05
14016.4	4.83003e-05
14022.4	6.80333e-05
14028.5	4.00534e-05
14034.5	3.11587e-05
14040.6	3.17248e-05
14046.6	4.1845e-05
14052.7	2.95988e-05
14058.8	2.84438e-05
14064.8	3.69762e-05
14070.9	3.65318e-05
14076.9	3.91911e-05
14083	2.66686e-05
14089	6.87797e-05
14095.1	3.45296e-05
14101.1	2.73531e-05
14107.2	2.30705e-05
14113.2	2.8573e-05
14119.3	2.57981e-05
14125.3	2.8359e-05
14131.4	2.14547e-05
14137.4	2.24358e-05
14143.5	3.03093e-05
14149.5	1.93493e-05
14155.6	3.02086e-05
14161.6	2.70782e-05
14167.7	3.25085e-05
14173.7	2.7932e-05
14179.8	2.57302e-05
14185.8	2.89963e-05
14191.9	2.04598e-05
14197.9	2.76636e-05
14204	2.75083e-05
14210.1	3.23091e-05
14216.1	4.20071e-05
14222.2	2.81056e-05
14228.2	3.55297e-05
14234.3	3.47739e-05
14240.3	3.29661e-05
14246.4	4.09184e-05
14252.4	4.28553e-05
14258.5	3.95986e-05
14264.5	4.45075e-05
14270.6	3.29256e-05
14276.6	2.95318e-05
14282.7	2.60471e-05
14288.7	2.35398e-05
14294.8	2.32645e-05
14300.8	2.28415e-05
14306.9	2.86479e-05
14312.9	2.53901e-05
14319	3.13723e-05
14325	2.97062e-05
14331.1	2.45694e-05
14337.1	3.55278e-05
14343.2	4.05747e-05
14349.2	3.97774e-05
14355.3	4.90675e-05
14361.4	6.66629e-05
14367.4	7.11617e-05
14373.5	1.80927e-05
14379.5	1.93026e-05
14385.6	2.8248e-05
14391.6	4.2892e-05
14397.7	5.1526e-05
14403.7	6.18954e-05
14409.8	7.96814e-05
14415.8	0.000110373
14421.9	4.3184e-05
14427.9	3.86854e-05
14434	3.19204e-05
14440	2.94603e-05
14446.1	1.83314e-05
14452.1	2.81498e-05
14458.2	2.75325e-05
14464.2	3.1384e-05
14470.3	3.17344e-05
14476.3	2.92751e-05
14482.4	6.00859e-05
14488.4	2.94701e-05
14494.5	3.66447e-05
14500.5	3.27473e-05
14506.6	2.83843e-05
14512.6	4.04051e-05
14518.7	3.28837e-05
14524.8	3.94078e-05
14530.8	4.33664e-05
14536.9	4.86289e-05
14542.9	3.91026e-05
14549	7.16603e-05
14555	2.83573e-05
14561.1	2.32845e-05
14567.1	2.79484e-05
14573.2	2.74729e-05
14579.2	3.57788e-05
14585.3	3.7147e-05
14591.3	5.13178e-05
14597.4	1.97658e-05
14603.4	2.60603e-05
14609.5	4.19846e-05
14615.5	7.19442e-05
14621.6	1.6049e-05
14627.6	2.98924e-05
14633.7	1.33425e-05
14639.7	1.51125e-05
14645.8	9.04838e-06
14651.8	1.44797e-05
14657.9	1.37303e-05
14663.9	1.42528e-05
14670	1.40597e-05
14676.1	1.31011e-05
14682.1	1.47453e-05
14688.2	1.30326e-05
14694.2	1.61029e-05
14700.3	1.84726e-05
14706.3	1.3301e-05
14712.4	1.22294e-05
14718.4	1.72483e-05
14724.5	1.70305e-05
14730.5	1.25225e-05
14736.6	1.39816e-05
14742.6	1.75441e-05
14748.7	1.38197e-05
14754.7	1.6478e-05
14760.8	1.36027e-05
14766.8	1.82262e-05
14772.9	9.85722e-06
14778.9	2.08165e-05
14785	1.10194e-05
14791	1.59343e-05
14797.1	1.68621e-05
14803.1	1.45049e-05
14809.2	2.0784e-05
14815.2	1.69169e-05
14821.3	1.13021e-05
14827.4	1.71323e-05
14833.4	2.93745e-05
14839.5	4.02384e-05
14845.5	4.72481e-05
14851.6	3.8211e-05
14857.6	2.44532e-05
14863.7	2.17804e-05
14869.7	2.96015e-05
14875.8	3.09077e-05
14881.8	3.52585e-05
14887.9	2.43105e-05
14893.9	1.80481e-05
14900	4.60523e-05
14906	5.04144e-05
14912.1	9.58556e-05
14918.1	4.65822e-05
14924.2	2.8807e-05
14930.2	3.19518e-05
14936.3	3.88975e-05
14942.3	4.37047e-05
14948.4	4.51144e-05
14954.4	7.12162e-05
14960.5	7.48054e-05
14966.5	3.62275e-05
14972.6	3.93144e-05
14978.7	8.756e-05
14984.7	0.00010572
14990.8	7.10713e-05
14996.8	9.59969e-05
15002.9	5.66968e-05
15008.9	4.50633e-05
15015	3.84685e-05
15021	6.37376e-05
15027.1	7.08156e-05
15033.1	9.80567e-05
15039.2	0.00010389
15045.2	9.32208e-05
15051.3	6.94185e-05
15057.3	9.12479e-05
15063.4	4.66612e-05
15069.4	6.27711e-05
15075.5	0.000108112
15081.5	6.8206e-05
15087.6	7.90163e-05
15093.6	5.88396e-05
15099.7	3.49453e-05
15105.7	3.69659e-05
15111.8	4.97301e-05
15117.8	2.80456e-05
15123.9	3.44552e-05
