0.4,30.9185,4.22601
0.40025,30.8334,4.19339
0.400501,30.7489,4.16112
0.400752,30.6651,4.12922
0.401004,30.5819,4.09766
0.401255,30.4992,4.06645
0.401508,30.4172,4.03558
0.40176,30.3358,4.00504
0.402013,30.2549,3.97484
0.402266,30.1746,3.94495
0.402519,30.0949,3.91539
0.402773,30.0158,3.88615
0.403026,29.9372,3.85721
0.403281,29.8592,3.82858
0.403535,29.7818,3.80025
0.40379,29.7048,3.77222
0.404046,29.6284,3.74448
0.404301,29.5526,3.71703
0.404557,29.4773,3.68986
0.404813,29.4025,3.66298
0.40507,29.3282,3.63637
0.405327,29.2544,3.61003
0.405584,29.1811,3.58396
0.405841,29.1084,3.55816
0.406099,29.0361,3.53262
0.406357,28.9643,3.50733
0.406616,28.893,3.4823
0.406875,28.8222,3.45752
0.407134,28.7519,3.43298
0.407393,28.682,3.40869
0.407653,28.6126,3.38464
0.407913,28.5437,3.36082
0.408174,28.4752,3.33724
0.408435,28.4072,3.31388
0.408696,28.3396,3.29076
0.408957,28.2725,3.26786
0.409219,28.2058,3.24518
0.409481,28.1395,3.22271
0.409744,28.0737,3.20046
0.410006,28.0083,3.17843
0.41027,27.9433,3.1566
0.410533,27.8788,3.13498
0.410797,27.8147,3.11356
0.411061,27.7509,3.09235
0.411326,27.6876,3.07133
0.41159,27.6247,3.0505
0.411856,27.5622,3.02988
0.412121,27.5001,3.00944
0.412387,27.4384,2.98919
0.412653,27.377,2.96912
0.41292,27.3161,2.94924
0.413187,27.2555,2.92954
0.413454,27.1954,2.91002
0.413722,27.1355,2.89067
0.41399,27.0761,2.8715
0.414258,27.017,2.8525
0.414527,26.9583,2.83367
0.414796,26.9,2.81501
0.415065,26.842,2.79651
0.415335,26.7844,2.77818
0.415605,26.7271,2.76
0.415875,26.6702,2.74199
0.416146,26.6136,2.72413
0.416417,26.5573,2.70643
0.416688,26.5014,2.68889
0.41696,26.4458,2.67149
0.417232,26.3906,2.65425
0.417505,26.3357,2.63715
0.417778,26.2811,2.6202
0.418051,26.2269,2.60339
0.418325,26.1729,2.58673
0.418599,26.1193,2.5702
0.418873,26.066,2.55382
0.419148,26.013,2.53757
0.419423,25.9603,2.52146
0.419698,25.908,2.50548
0.419974,25.8559,2.48964
0.42025,25.8041,2.47392
0.420526,25.7527,2.45834
0.420803,25.7015,2.44288
0.42108,25.6506,2.42755
0.421358,25.6,2.41235
0.421636,25.5497,2.39727
0.421914,25.4997,2.38231
0.422193,25.45,2.36747
0.422472,25.4006,2.35276
0.422751,25.3514,2.33816
0.423031,25.3025,2.32367
0.423311,25.2539,2.3093
0.423592,25.2056,2.29505
0.423873,25.1575,2.28091
0.424154,25.1097,2.26688
0.424436,25.0622,2.25296
0.424718,25.0149,2.23915
0.425,24.9679,2.22544
0.425283,24.9211,2.21185
0.425566,24.8746,2.19836
0.425849,24.8284,2.18497
0.426133,24.7824,2.17168
0.426418,24.7367,2.1585
0.426702,24.6912,2.14542
0.426987,24.6459,2.13244
0.427273,24.6009,2.11955
0.427559,24.5562,2.10677
0.427845,24.5117,2.09408
0.428131,24.4674,2.08149
0.428418,24.4233,2.06899
0.428706,24.3795,2.05658
0.428993,24.336,2.04427
0.429281,24.2926,2.03204
0.42957,24.2495,2.01991
0.429859,24.2066,2.00787
0.430148,24.164,1.99592
0.430438,24.1215,1.98405
0.430728,24.0793,1.97227
0.431018,24.0373,1.96058
0.431309,23.9955,1.94897
0.4316,23.954,1.93744
0.431892,23.9126,1.926
0.432184,23.8715,1.91464
0.432476,23.8306,1.90336
0.432769,23.7898,1.89217
0.433062,23.7493,1.88105
0.433356,23.709,1.87001
0.43365,23.6689,1.85905
0.433944,23.6291,1.84817
0.434239,23.5894,1.83736
0.434534,23.5499,1.82663
0.43483,23.5106,1.81597
0.435126,23.4715,1.80539
0.435422,23.4326,1.79488
0.435719,23.3939,1.78445
0.436016,23.3554,1.77408
0.436314,23.3171,1.76379
0.436612,23.2789,1.75357
0.43691,23.241,1.74342
0.437209,23.2032,1.73334
0.437509,23.1657,1.72333
0.437808,23.1283,1.71338
0.438108,23.0911,1.7035
0.438409,23.0541,1.69369
0.43871,23.0172,1.68395
0.439011,22.9806,1.67427
0.439313,22.9441,1.66465
0.439615,22.9078,1.6551
0.439917,22.8716,1.64561
0.44022,22.8357,1.63619
0.440524,22.7999,1.62683
0.440828,22.7643,1.61753
0.441132,22.7288,1.60829
0.441436,22.6935,1.59911
0.441742,22.6584,1.58999
0.442047,22.6235,1.58093
0.442353,22.5887,1.57193
0.442659,22.5541,1.56299
0.442966,22.5196,1.55411
0.443273,22.4853,1.54528
0.443581,22.4512,1.53651
0.443889,22.4172,1.5278
0.444197,22.3834,1.51914
0.444506,22.3497,1.51054
0.444816,22.3162,1.50199
0.445125,22.2829,1.4935
0.445436,22.2497,1.48506
0.445746,22.2166,1.47668
0.446057,22.1837,1.46834
0.446369,22.151,1.46006
0.446681,22.1184,1.45183
0.446993,22.0859,1.44366
0.447306,22.0536,1.43553
0.447619,22.0215,1.42746
0.447933,21.9895,1.41943
0.448247,21.9576,1.41145
0.448561,21.9259,1.40353
0.448876,21.8943,1.39565
0.449192,21.8629,1.38782
0.449508,21.8316,1.38004
0.449824,21.8004,1.37231
0.450141,21.7694,1.36462
0.450458,21.7385,1.35698
0.450776,21.7077,1.34939
0.451094,21.6771,1.34184
0.451412,21.6466,1.33434
0.451731,21.6163,1.32688
0.452051,21.5861,1.31947
0.452371,21.556,1.3121
0.452691,21.526,1.30478
0.453012,21.4962,1.2975
0.453333,21.4665,1.29027
0.453655,21.437,1.28307
0.453977,21.4075,1.27592
0.4543,21.3782,1.26882
0.454623,21.349,1.26175
0.454947,21.32,1.25473
0.455271,21.291,1.24774
0.455595,21.2622,1.2408
0.45592,21.2335,1.2339
0.456246,21.2049,1.22704
0.456571,21.1765,1.22022
0.456898,21.1482,1.21344
0.457225,21.1199,1.2067
0.457552,21.0919,1.19999
0.45788,21.0639,1.19333
0.458208,21.036,1.1867
0.458537,21.0083,1.18012
0.458866,20.9806,1.17357
0.459195,20.9531,1.16706
0.459526,20.9257,1.16058
0.459856,20.8984,1.15414
0.460187,20.8713,1.14774
0.460519,20.8442,1.14138
0.460851,20.8173,1.13505
0.461183,20.7904,1.12876
0.461516,20.7637,1.1225
0.46185,20.7371,1.11628
0.462184,20.7105,1.11009
0.462518,20.6841,1.10394
0.462853,20.6578,1.09783
0.463188,20.6316,1.09174
0.463524,20.6055,1.08569
0.463861,20.5796,1.07968
0.464198,20.5537,1.0737
0.464535,20.5279,1.06775
0.464873,20.5022,1.06184
0.465211,20.4767,1.05595
0.46555,20.4512,1.0501
0.465889,20.4258,1.04429
0.466229,20.4005,1.0385
0.466569,20.3754,1.03275
0.46691,20.3503,1.02703
0.467251,20.3253,1.02134
0.467593,20.3005,1.01568
0.467936,20.2757,1.01005
0.468278,20.251,1.00445
0.468622,20.2264,0.998887
0.468966,20.2019,0.993351
0.46931,20.1775,0.987845
0.469655,20.1532,0.982369
0.47,20.129,0.976922
0.470346,20.1049,0.971505
0.470692,20.0809,0.966118
0.471039,20.057,0.960759
0.471386,20.0331,0.95543
0.471734,20.0094,0.950129
0.472083,19.9857,0.944857
0.472432,19.9621,0.939612
0.472781,19.9387,0.934397
0.473131,19.9153,0.929209
0.473481,19.892,0.924048
0.473832,19.8688,0.918916
0.474184,19.8456,0.91381
0.474536,19.8226,0.908732
0.474889,19.7997,0.903681
0.475242,19.7768,0.898657
0.475595,19.754,0.89366
0.475949,19.7313,0.888689
0.476304,19.7087,0.883744
0.476659,19.6862,0.878825
0.477015,19.6637,0.873933
0.477371,19.6414,0.869066
0.477728,19.6191,0.864225
0.478085,19.5969,0.85941
0.478443,19.5748,0.854619
0.478801,19.5528,0.849854
0.47916,19.5308,0.845114
0.47952,19.5089,0.840399
0.47988,19.4871,0.835709
0.48024,19.4654,0.831043
0.480602,19.4438,0.826401
0.480963,19.4222,0.821784
0.481325,19.4007,0.817191
0.481688,19.3793,0.812621
0.482051,19.358,0.808076
0.482415,19.3368,0.803554
0.482779,19.3156,0.799056
0.483144,19.2945,0.794581
0.48351,19.2735,0.790129
0.483876,19.2525,0.7857
0.484242,19.2317,0.781295
0.48461,19.2109,0.776912
0.484977,19.1901,0.772551
0.485345,19.1695,0.768214
0.485714,19.1489,0.763898
0.486084,19.1284,0.759605
0.486454,19.108,0.755334
0.486824,19.0876,0.751085
0.487195,19.0673,0.746858
0.487567,19.0471,0.742653
0.487939,19.0269,0.73847
0.488312,19.0068,0.734307
0.488685,18.9868,0.730167
0.489059,18.9669,0.726047
0.489433,18.947,0.721949
0.489808,18.9272,0.717871
0.490184,18.9075,0.713815
0.49056,18.8878,0.709779
0.490937,18.8682,0.705764
0.491314,18.8487,0.70177
0.491692,18.8292,0.697796
0.492071,18.8098,0.693842
0.49245,18.7905,0.689908
0.49283,18.7712,0.685995
0.49321,18.752,0.682101
0.493591,18.7329,0.678228
0.493972,18.7138,0.674374
0.494354,18.6948,0.67054
0.494737,18.6759,0.666725
0.49512,18.657,0.66293
0.495504,18.6382,0.659154
0.495888,18.6194,0.655397
0.496273,18.6007,0.65166
0.496659,18.5821,0.647941
0.497045,18.5635,0.644241
0.497432,18.545,0.640561
0.497819,18.5266,0.636898
0.498207,18.5082,0.633255
0.498596,18.4899,0.62963
0.498985,18.4716,0.626023
0.499375,18.4534,0.622435
0.499765,18.4353,0.618865
0.500156,18.4172,0.615313
0.500548,18.3992,0.611779
0.50094,18.3812,0.608264
0.501333,18.3633,0.604766
0.501727,18.3455,0.601285
0.502121,18.3277,0.597823
0.502516,18.31,0.594378
0.502911,18.2923,0.59095
0.503307,18.2747,0.58754
0.503704,18.2571,0.584147
0.504101,18.2396,0.580772
0.504499,18.2222,0.577413
0.504897,18.2048,0.574072
0.505296,18.1875,0.570747
0.505696,18.1702,0.56744
0.506097,18.153,0.564149
0.506498,18.1358,0.560875
0.506899,18.1187,0.557618
0.507302,18.1016,0.554377
0.507705,18.0846,0.551152
0.508108,18.0677,0.547944
0.508512,18.0508,0.544753
0.508917,18.034,0.541577
0.509323,18.0172,0.538418
0.509729,18.0004,0.535275
0.510136,17.9838,0.532148
0.510543,17.9671,0.529036
0.510951,17.9506,0.525941
0.51136,17.934,0.522861
0.511769,17.9176,0.519797
0.512179,17.9012,0.516749
0.51259,17.8848,0.513716
0.513002,17.8685,0.510698
0.513414,17.8522,0.507696
0.513826,17.836,0.50471
0.51424,17.8198,0.501738
0.514654,17.8037,0.498782
0.515068,17.7877,0.495841
0.515484,17.7716,0.492915
0.5159,17.7557,0.490004
0.516317,17.7398,0.487107
0.516734,17.7239,0.484226
0.517152,17.7081,0.481359
0.517571,17.6923,0.478507
0.51799,17.6766,0.47567
0.51841,17.6609,0.472847
0.518831,17.6453,0.470039
0.519253,17.6297,0.467245
0.519675,17.6142,0.464466
0.520098,17.5987,0.461701
0.520521,17.5833,0.45895
0.520945,17.5679,0.456213
0.52137,17.5525,0.45349
0.521796,17.5372,0.450782
0.522222,17.522,0.448087
0.522649,17.5068,0.445406
0.523077,17.4916,0.442739
0.523505,17.4765,0.440086
0.523934,17.4615,0.437447
0.524364,17.4464,0.434821
0.524795,17.4315,0.432209
0.525226,17.4165,0.42961
0.525658,17.4016,0.427025
0.526091,17.3868,0.424454
0.526524,17.372,0.421896
0.526958,17.3573,0.419351
0.527393,17.3426,0.416819
0.527828,17.3279,0.4143
0.528264,17.3133,0.411795
0.528701,17.2987,0.409303
0.529139,17.2842,0.406824
0.529577,17.2697,0.404357
0.530017,17.2552,0.401904
0.530456,17.2408,0.399464
0.530897,17.2264,0.397036
0.531338,17.2121,0.394621
0.53178,17.1978,0.392219
0.532223,17.1836,0.389829
0.532667,17.1694,0.387452
0.533111,17.1553,0.385088
0.533556,17.1411,0.382736
0.534002,17.1271,0.380396
0.534448,17.113,0.378069
0.534895,17.0991,0.375754
0.535343,17.0851,0.373451
0.535792,17.0712,0.371161
0.536242,17.0573,0.368883
0.536692,17.0435,0.366617
0.537143,17.0297,0.364363
0.537595,17.016,0.362121
0.538047,17.0023,0.35989
0.5385,16.9886,0.357672
0.538954,16.975,0.355466
0.539409,16.9614,0.353272
0.539865,16.9478,0.351089
0.540321,16.9343,0.348918
0.540778,16.9208,0.346759
0.541236,16.9074,0.344611
0.541695,16.894,0.342475
0.542154,16.8807,0.34035
0.542615,16.8673,0.338237
0.543076,16.8541,0.336135
0.543537,16.8408,0.334045
0.544,16.8276,0.331966
0.544463,16.8145,0.329898
0.544928,16.8013,0.327842
0.545392,16.7882,0.325797
0.545858,16.7752,0.323763
0.546325,16.7622,0.32174
0.546792,16.7492,0.319728
0.54726,16.7362,0.317727
0.547729,16.7233,0.315737
0.548199,16.7105,0.313758
0.54867,16.6976,0.31179
0.549141,16.6848,0.309833
0.549613,16.6721,0.307886
0.550086,16.6593,0.305951
0.55056,16.6466,0.304026
0.551034,16.634,0.302111
0.55151,16.6214,0.300207
0.551986,16.6088,0.298314
0.552463,16.5962,0.296432
0.552941,16.5837,0.29456
0.55342,16.5712,0.292698
0.553899,16.5588,0.290847
0.55438,16.5464,0.289006
0.554861,16.534,0.287175
0.555343,16.5217,0.285355
0.555826,16.5094,0.283545
0.55631,16.4971,0.281745
0.556794,16.4849,0.279955
0.55728,16.4727,0.278176
0.557766,16.4605,0.276406
0.558253,16.4483,0.274647
0.558741,16.4362,0.272897
0.55923,16.4242,0.271158
0.55972,16.4121,0.269428
0.56021,16.4001,0.267708
0.560702,16.3882,0.265999
0.561194,16.3762,0.264299
0.561687,16.3643,0.262608
0.562181,16.3525,0.260928
0.562676,16.3406,0.259257
0.563172,16.3288,0.257595
0.563668,16.317,0.255944
0.564166,16.3053,0.254302
0.564664,16.2936,0.252669
0.565164,16.2819,0.251046
0.565664,16.2703,0.249432
0.566165,16.2587,0.247828
0.566667,16.2471,0.246233
0.567169,16.2355,0.244648
0.567673,16.224,0.243072
0.568178,16.2125,0.241505
0.568683,16.2011,0.239947
0.56919,16.1897,0.238398
0.569697,16.1783,0.236859
0.570205,16.1669,0.235329
0.570714,16.1556,0.233808
0.571224,16.1443,0.232295
0.571735,16.133,0.230792
0.572247,16.1218,0.229298
0.57276,16.1106,0.227813
0.573274,16.0994,0.226337
0.573788,16.0882,0.224869
0.574304,16.0771,0.22341
0.57482,16.066,0.221961
0.575338,16.055,0.22052
0.575856,16.0439,0.219087
0.576375,16.0329,0.217664
0.576895,16.022,0.216248
0.577416,16.011,0.214842
0.577939,16.0001,0.213444
0.578462,15.9892,0.212055
0.578986,15.9784,0.210674
0.57951,15.9676,0.209302
0.580036,15.9568,0.207938
0.580563,15.946,0.206583
0.581091,15.9353,0.205236
0.58162,15.9246,0.203897
0.582149,15.9139,0.202566
0.58268,15.9033,0.201244
0.583212,15.8926,0.19993
0.583744,15.882,0.198625
0.584278,15.8715,0.197327
0.584812,15.8609,0.196038
0.585348,15.8504,0.194756
0.585885,15.84,0.193483
0.586422,15.8295,0.192218
0.586961,15.8191,0.190961
0.5875,15.8087,0.189712
0.58804,15.7983,0.188471
0.588582,15.788,0.187237
0.589124,15.7777,0.186012
0.589668,15.7674,0.184794
0.590212,15.7571,0.183584
0.590758,15.7469,0.182382
0.591304,15.7367,0.181188
0.591852,15.7265,0.180002
0.5924,15.7164,0.178823
0.59295,15.7062,0.177652
0.5935,15.6962,0.176488
0.594052,15.6861,0.175332
0.594605,15.676,0.174184
0.595158,15.666,0.173043
0.595713,15.656,0.171909
0.596269,15.6461,0.170783
0.596825,15.6361,0.169665
0.597383,15.6262,0.168554
0.597942,15.6164,0.16745
0.598502,15.6065,0.166354
0.599063,15.5967,0.165265
0.599625,15.5869,0.164183
0.600188,15.5771,0.163108
0.600752,15.5673,0.162041
0.601317,15.5576,0.160981
0.601883,15.5479,0.159928
0.602451,15.5382,0.158882
0.603019,15.5286,0.157843
0.603588,15.5189,0.156812
0.604159,15.5093,0.155787
0.60473,15.4998,0.154769
0.605303,15.4902,0.153759
0.605877,15.4807,0.152755
0.606452,15.4712,0.151758
0.607028,15.4617,0.150768
0.607605,15.4523,0.149785
0.608183,15.4428,0.148809
0.608762,15.4334,0.14784
0.609342,15.4241,0.146877
0.609924,15.4147,0.145921
0.610506,15.4054,0.144972
0.61109,15.3961,0.14403
0.611675,15.3868,0.143094
0.612261,15.3776,0.142165
0.612848,15.3683,0.141242
0.613436,15.3591,0.140326
0.614025,15.3499,0.139416
0.614615,15.3408,0.138513
0.615207,15.3316,0.137617
0.6158,15.3225,0.136727
0.616393,15.3135,0.135843
0.616988,15.3044,0.134966
0.617585,15.2954,0.134095
0.618182,15.2863,0.133231
0.61878,15.2773,0.132372
0.61938,15.2684,0.131521
0.619981,15.2594,0.130675
0.620583,15.2505,0.129835
0.621186,15.2416,0.129002
0.62179,15.2327,0.128175
0.622395,15.2239,0.127354
0.623002,15.2151,0.126539
0.62361,15.2063,0.125731
0.624219,15.1975,0.124928
0.624829,15.1887,0.124132
0.62544,15.18,0.123341
0.626053,15.1713,0.122556
0.626667,15.1626,0.121778
0.627282,15.1539,0.121005
0.627898,15.1453,0.120238
0.628515,15.1366,0.119477
0.629134,15.128,0.118722
0.629754,15.1195,0.117973
0.630375,15.1109,0.11723
0.630997,15.1024,0.116492
0.631621,15.0939,0.11576
0.632245,15.0854,0.115034
0.632871,15.0769,0.114313
0.633499,15.0685,0.113598
0.634127,15.06,0.112889
0.634757,15.0516,0.112185
0.635388,15.0433,0.111487
0.63602,15.0349,0.110795
0.636653,15.0266,0.110108
0.637288,15.0183,0.109426
0.637924,15.01,0.10875
0.638561,15.0017,0.10808
0.6392,14.9934,0.107415
0.63984,14.9852,0.106755
0.640481,14.977,0.106101
0.641123,14.9688,0.105452
0.641767,14.9607,0.104808
0.642412,14.9525,0.104169
0.643058,14.9444,0.103536
0.643706,14.9363,0.102909
0.644355,14.9282,0.102286
0.645005,14.9201,0.101668
0.645657,14.9121,0.101056
0.646309,14.9041,0.100449
0.646964,14.8961,0.099847
0.647619,14.8881,0.0992501
0.648276,14.8802,0.0986583
0.648934,14.8722,0.0980715
0.649593,14.8643,0.0974898
0.650254,14.8564,0.096913
0.650916,14.8486,0.0963412
0.65158,14.8407,0.0957744
0.652245,14.8329,0.0952124
0.652911,14.8251,0.0946554
0.653579,14.8173,0.0941033
0.654248,14.8095,0.093556
0.654918,14.8017,0.0930135
0.65559,14.794,0.0924758
0.656263,14.7863,0.0919429
0.656937,14.7786,0.0914148
0.657613,14.7709,0.0908913
0.65829,14.7633,0.0903726
0.658969,14.7557,0.0898586
0.659649,14.748,0.0893492
0.660331,14.7405,0.0888445
0.661013,14.7329,0.0883443
0.661698,14.7253,0.0878488
0.662383,14.7178,0.0873578
0.663071,14.7103,0.0868713
0.663759,14.7028,0.0863894
0.664449,14.6953,0.0859119
0.66514,14.6879,0.0854389
0.665833,14.6804,0.0849704
0.666528,14.673,0.0845063
0.667223,14.6656,0.0840465
0.667921,14.6582,0.0835912
0.668619,14.6509,0.0831402
0.669319,14.6435,0.0826935
0.670021,14.6362,0.0822511
0.670724,14.6289,0.0818131
0.671429,14.6216,0.0813792
0.672135,14.6144,0.0809496
0.672842,14.6071,0.0805243
0.673551,14.5999,0.0801031
0.674262,14.5927,0.079686
0.674974,14.5855,0.0792732
0.675687,14.5783,0.0788644
0.676402,14.5712,0.0784598
0.677119,14.564,0.0780592
0.677837,14.5569,0.0776627
0.678556,14.5498,0.0772702
0.679277,14.5427,0.0768817
0.68,14.5357,0.0764972
0.680724,14.5286,0.0761167
0.68145,14.5216,0.0757401
0.682177,14.5146,0.0753674
0.682906,14.5076,0.0749987
0.683636,14.5007,0.0746338
0.684368,14.4937,0.0742728
0.685102,14.4868,0.0739156
0.685837,14.4799,0.0735622
0.686574,14.473,0.0732126
0.687312,14.4661,0.0728668
0.688052,14.4592,0.0725247
0.688793,14.4524,0.0721864
0.689536,14.4456,0.0718517
0.690281,14.4388,0.0715208
0.691027,14.432,0.0711935
0.691775,14.4252,0.0708698
0.692524,14.4184,0.0705498
0.693275,14.4117,0.0702334
0.694028,14.405,0.0699205
0.694783,14.3983,0.0696112
0.695539,14.3916,0.0693054
0.696296,14.3849,0.0690032
0.697056,14.3783,0.0687044
0.697817,14.3716,0.0684091
0.698579,14.365,0.0681173
0.699344,14.3584,0.0678289
0.70011,14.3519,0.0675439
0.700877,14.3453,0.0672623
0.701647,14.3387,0.0669841
0.702418,14.3322,0.0667092
0.70319,14.3257,0.0664377
0.703965,14.3192,0.0661694
0.704741,14.3127,0.0659045
0.705519,14.3063,0.0656428
0.706298,14.2998,0.0653844
0.70708,14.2934,0.0651292
0.707863,14.287,0.0648772
0.708647,14.2806,0.0646283
0.709434,14.2742,0.0643827
0.710222,14.2678,0.0641402
0.711012,14.2615,0.0639008
0.711804,14.2552,0.0636646
0.712598,14.2489,0.0634314
0.713393,14.2426,0.0632013
0.71419,14.2363,0.0629743
0.714989,14.23,0.0627503
0.715789,14.2238,0.0625293
0.716592,14.2175,0.0623112
0.717396,14.2113,0.0620962
0.718202,14.2051,0.0618841
0.71901,14.199,0.061675
0.71982,14.1928,0.0614687
0.720631,14.1866,0.0612654
0.721445,14.1805,0.0610649
0.72226,14.1744,0.0608673
0.723077,14.1683,0.0606725
0.723896,14.1622,0.0604806
0.724717,14.1561,0.0602914
0.725539,14.1501,0.0601051
0.726364,14.144,0.0599215
0.72719,14.138,0.0597406
0.728018,14.132,0.0595625
0.728848,14.126,0.0593871
0.72968,14.1201,0.0592143
0.730514,14.1141,0.0590443
0.73135,14.1081,0.0588769
0.732188,14.1022,0.0587121
0.733028,14.0963,0.0585499
0.733869,14.0904,0.0583904
0.734713,14.0845,0.0582334
0.735558,14.0787,0.058079
0.736406,14.0728,0.0579271
0.737255,14.067,0.0577778
0.738106,14.0612,0.057631
0.73896,14.0554,0.0574866
0.739815,14.0496,0.0573447
0.740672,14.0438,0.0572053
0.741531,14.038,0.0570684
0.742393,14.0323,0.0569338
0.743256,14.0266,0.0568016
0.744121,14.0208,0.0566719
0.744988,14.0151,0.0565445
0.745858,14.0095,0.0564194
0.746729,14.0038,0.0562967
0.747602,13.9981,0.0561763
0.748478,13.9925,0.0560582
0.749355,13.9869,0.0559424
0.750235,13.9813,0.0558288
0.751116,13.9757,0.0557175
0.752,13.9701,0.0556085
0.752886,13.9645,0.0555016
0.753774,13.959,0.0553969
0.754664,13.9534,0.0552944
0.755556,13.9479,0.0551941
0.75645,13.9424,0.055096
0.757346,13.9369,0.0549999
0.758244,13.9314,0.054906
0.759145,13.926,0.0548142
0.760048,13.9205,0.0547244
0.760952,13.9151,0.0546367
0.761859,13.9097,0.0545511
0.762768,13.9043,0.0544675
0.76368,13.8989,0.0543859
0.764593,13.8935,0.0543063
0.765509,13.8881,0.0542287
0.766427,13.8828,0.0541531
0.767347,13.8774,0.0540794
0.768269,13.8721,0.0540077
0.769194,13.8668,0.0539379
0.77012,13.8615,0.05387
0.771049,13.8562,0.0538039
0.771981,13.851,0.0537398
0.772914,13.8457,0.0536775
0.77385,13.8405,0.053617
0.774788,13.8353,0.0535584
0.775728,13.83,0.0535016
0.776671,13.8249,0.0534466
0.777616,13.8197,0.0533934
0.778563,13.8145,0.0533419
0.779512,13.8093,0.0532922
0.780464,13.8042,0.0532442
0.781418,13.7991,0.0531979
0.782375,13.794,0.0531534
0.783333,13.7889,0.0531105
0.784294,13.7838,0.0530693
0.785258,13.7787,0.0530298
0.786224,13.7736,0.0529919
0.787192,13.7686,0.0529557
0.788163,13.7636,0.0529211
0.789136,13.7585,0.052888
0.790111,13.7535,0.0528566
0.791089,13.7485,0.0528267
0.792069,13.7436,0.0527984
0.793052,13.7386,0.0527716
0.794037,13.7336,0.0527464
0.795025,13.7287,0.0527227
0.796015,13.7238,0.0527005
0.797007,13.7189,0.0526797
0.798002,13.714,0.0526605
0.799,13.7091,0.0526427
0.8,13.7042,0.0526263
