0	2.91455
1.20258	1.04954
2.40515	0.738146
3.60773	0.594792
4.8103	0.502574
6.01288	0.456644
7.21545	0.419805
8.41803	0.380272
9.6206	0.358371
10.8232	0.331486
12.0258	0.312784
13.2283	0.298873
14.4309	0.286229
15.6335	0.278327
16.8361	0.272147
18.0386	0.257706
19.2412	0.246593
20.4438	0.239263
21.6464	0.223313
22.8489	0.22404
24.0515	0.22765
25.2541	0.220551
26.4567	0.2137
27.6592	0.209112
28.8618	0.20223
30.0644	0.201022
31.267	0.195007
32.4695	0.187555
33.6721	0.180994
34.8747	0.181628
36.0773	0.178227
37.2798	0.180769
38.4824	0.181874
39.685	0.173204
40.8876	0.171104
42.0901	0.167966
43.2927	0.168578
44.4953	0.167276
45.6979	0.164982
46.9004	0.160729
48.103	0.15481
49.3056	0.156346
50.5082	0.156633
51.7107	0.152057
52.9133	0.145608
54.1159	0.144564
55.3185	0.145954
56.521	0.146675
57.7236	0.139403
58.9262	0.142822
60.1288	0.139666
61.3313	0.140124
62.5339	0.141963
63.7365	0.138782
64.9391	0.135205
66.1416	0.131648
67.3442	0.125978
68.5468	0.12864
69.7494	0.131085
70.9519	0.129963
72.1545	0.127928
73.3571	0.128042
74.5597	0.125333
75.7622	0.124132
76.9648	0.125384
78.1674	0.120983
79.37	0.121407
80.5725	0.124106
81.7751	0.121279
82.9777	0.117181
84.1803	0.118366
85.3828	0.11829
86.5854	0.115421
87.788	0.117262
88.9906	0.114942
90.1931	0.11678
91.3957	0.115558
92.5983	0.115796
93.8009	0.119736
95.0034	0.115961
96.206	0.119057
97.4086	0.114036
98.6112	0.114449
99.8137	0.115841
101.016	0.114999
102.219	0.110403
103.421	0.113297
104.624	0.113998
105.827	0.112306
107.029	0.114533
108.232	0.117757
109.434	0.111629
110.637	0.111963
111.839	0.110194
113.042	0.111013
114.245	0.113153
115.447	0.107348
116.65	0.107603
117.852	0.108662
119.055	0.108125
120.258	0.109931
121.46	0.111467
122.663	0.110833
123.865	0.106848
125.068	0.104587
126.27	0.105178
127.473	0.107287
128.676	0.0992465
129.878	0.102247
131.081	0.0992326
132.283	0.0996797
133.486	0.10065
134.688	0.0974269
135.891	0.0973847
137.094	0.0970657
138.296	0.0947905
139.499	0.0957464
140.701	0.0943804
141.904	0.0962335
143.106	0.0940953
144.309	0.0957409
145.512	0.09654
146.714	0.0977843
147.917	0.0942724
149.119	0.0913176
150.322	0.0928995
151.524	0.0933221
152.727	0.0927322
153.93	0.092765
155.132	0.0926091
156.335	0.0892281
157.537	0.0904767
158.74	0.0872963
159.942	0.0869363
161.145	0.0881165
162.348	0.0904195
163.55	0.0877061
164.753	0.0884301
165.955	0.0894396
167.158	0.0890433
168.361	0.0927776
169.563	0.0903123
170.766	0.0884766
171.968	0.0898115
173.171	0.0858401
174.373	0.086856
175.576	0.0871361
176.779	0.0864055
177.981	0.084522
179.184	0.0841413
180.386	0.0868867
181.589	0.0830824
182.791	0.0851523
183.994	0.0847751
185.197	0.0886439
186.399	0.0878448
187.602	0.0868624
188.804	0.0868134
190.007	0.0874662
191.209	0.087762
192.412	0.088289
193.615	0.0908716
194.817	0.0880713
196.02	0.0905976
197.222	0.0878075
198.425	0.0891931
199.627	0.0844211
200.83	0.0845282
202.033	0.0831463
203.235	0.0860322
204.438	0.0867192
205.64	0.0833309
206.843	0.0827339
208.045	0.082156
209.248	0.0877716
210.451	0.084996
211.653	0.08353
212.856	0.0839748
214.058	0.08738
215.261	0.0849579
216.464	0.0860859
217.666	0.0847674
218.869	0.0852244
220.071	0.0872391
221.274	0.0851934
222.476	0.0803847
223.679	0.0823942
224.882	0.0830287
226.084	0.080499
227.287	0.0820875
228.489	0.080625
229.692	0.0794679
230.894	0.078983
232.097	0.0777717
233.3	0.0818765
234.502	0.0788436
235.705	0.0818135
236.907	0.0845114
238.11	0.0863886
239.312	0.0818154
240.515	0.0811306
241.718	0.0790969
242.92	0.0779213
244.123	0.0784711
245.325	0.0783301
246.528	0.0788784
247.73	0.0789966
248.933	0.0773122
250.136	0.0765229
251.338	0.0767697
252.541	0.0782367
253.743	0.0769517
254.946	0.0774268
256.148	0.0810065
257.351	0.0798035
258.554	0.0773081
259.756	0.0791649
260.959	0.075567
262.161	0.0747286
263.364	0.0774574
264.567	0.0742764
265.769	0.0745155
266.972	0.0759707
268.174	0.0739268
269.377	0.0750267
270.579	0.0757953
271.782	0.0770865
272.985	0.0761271
274.187	0.074965
275.39	0.0745528
276.592	0.0777845
277.795	0.0779646
278.997	0.0748691
280.2	0.0789665
281.403	0.0788495
282.605	0.0738446
283.808	0.0745669
285.01	0.0736478
286.213	0.0739884
287.415	0.0747868
288.618	0.0750272
289.821	0.073956
291.023	0.0737935
292.226	0.0767249
293.428	0.0736352
294.631	0.0730098
295.833	0.0741722
297.036	0.0720334
298.239	0.0756213
299.441	0.0737085
300.644	0.0711446
301.846	0.0712737
303.049	0.0730241
304.251	0.0745194
305.454	0.073876
306.657	0.0741646
307.859	0.0724151
309.062	0.0741075
310.264	0.0677096
311.467	0.070179
312.67	0.0708602
313.872	0.0706923
315.075	0.074366
316.277	0.0729587
317.48	0.0712453
318.682	0.0701809
319.885	0.0700469
321.088	0.0708134
322.29	0.06761
323.493	0.068552
324.695	0.0657659
325.898	0.0676866
327.1	0.0686233
328.303	0.0678404
329.506	0.0664184
330.708	0.0649923
331.911	0.0663441
333.113	0.0670404
334.316	0.0676338
335.518	0.0655706
336.721	0.0686792
337.924	0.068202
339.126	0.069903
340.329	0.0690409
341.531	0.0687991
342.734	0.0707931
343.936	0.0710117
345.139	0.0685612
346.342	0.0696581
347.544	0.0677332
348.747	0.0688773
349.949	0.0698905
351.152	0.0658888
352.354	0.0664733
353.557	0.0653194
354.76	0.0647372
355.962	0.0635373
357.165	0.0633483
358.367	0.0633083
359.57	0.0653562
360.773	0.0650052
361.975	0.06693
363.178	0.0666365
364.38	0.0676564
365.583	0.0658331
366.785	0.0669888
367.988	0.0669164
369.191	0.0634746
370.393	0.0620107
371.596	0.0654972
372.798	0.0652782
374.001	0.0648756
375.203	0.0661648
376.406	0.0651808
377.609	0.0635683
378.811	0.0662015
380.014	0.0670246
381.216	0.0654016
382.419	0.064494
383.621	0.0637205
384.824	0.0642875
386.027	0.0657192
387.229	0.06599
388.432	0.0662689
389.634	0.0672137
390.837	0.0655382
392.039	0.0654714
393.242	0.0644949
394.445	0.0631902
395.647	0.0614075
396.85	0.0616574
398.052	0.061579
399.255	0.0611693
400.457	0.0616366
401.66	0.058178
402.863	0.0624506
404.065	0.0588753
405.268	0.061801
406.47	0.0614411
407.673	0.0612898
408.876	0.061007
410.078	0.0638577
411.281	0.0646014
412.483	0.0640589
413.686	0.0656366
414.888	0.0653338
416.091	0.0692777
417.294	0.0696196
418.496	0.0682518
419.699	0.0651564
420.901	0.0668121
422.104	0.0691887
423.306	0.0699996
424.509	0.0631719
425.712	0.0646516
426.914	0.0622825
428.117	0.0684808
429.319	0.0667751
430.522	0.0641695
431.724	0.0621908
432.927	0.0651196
434.13	0.0665832
435.332	0.0643293
436.535	0.0638994
437.737	0.0652919
438.94	0.0634219
440.142	0.0666325
441.345	0.0650151
442.548	0.0649796
443.75	0.0633571
444.953	0.0637131
446.155	0.0625466
447.358	0.0636351
448.56	0.0630525
449.763	0.0623073
450.966	0.0652088
452.168	0.0614119
453.371	0.0644584
454.573	0.0638219
455.776	0.0632368
456.979	0.0650063
458.181	0.0637672
459.384	0.0669417
460.586	0.0678243
461.789	0.0690048
462.991	0.067891
464.194	0.0678792
465.397	0.0656039
466.599	0.0630608
467.802	0.064656
469.004	0.0682283
470.207	0.0626507
471.409	0.0616928
472.612	0.0596448
473.815	0.0578352
475.017	0.0593919
476.22	0.0623864
477.422	0.0661584
478.625	0.0615682
479.827	0.058699
481.03	0.0585371
482.233	0.0581087
483.435	0.0560215
484.638	0.0583882
485.84	0.0597888
487.043	0.0604906
488.245	0.0580853
489.448	0.057848
490.651	0.0560559
491.853	0.0600261
493.056	0.0585249
494.258	0.0598711
495.461	0.0609126
496.663	0.059545
497.866	0.0557506
499.069	0.0849134
500.271	0.0441897
501.474	0.0681387
502.676	0.0680797
503.879	0.0670263
505.082	0.0682803
506.284	0.0678113
507.487	0.0676376
508.689	0.0702999
509.892	0.0679777
511.094	0.0691624
512.297	0.065642
513.5	0.0646292
514.702	0.0638771
515.905	0.0624752
517.107	0.0640477
518.31	0.0689283
519.512	0.0658325
520.715	0.0667179
521.918	0.0648977
523.12	0.065158
524.323	0.0683261
525.525	0.067563
526.728	0.0645633
527.93	0.0675038
529.133	0.0680375
530.336	0.0665374
531.538	0.0653964
532.741	0.0645404
533.943	0.0654192
535.146	0.0696734
536.348	0.0681976
537.551	0.069339
538.754	0.0674784
539.956	0.0667961
541.159	0.0659905
542.361	0.0687039
543.564	0.0636411
544.766	0.0636715
545.969	0.0675845
547.172	0.0672953
548.374	0.0640978
549.577	0.065705
550.779	0.0673884
551.982	0.0683926
553.185	0.0648452
554.387	0.0674033
555.59	0.0632265
556.792	0.0668713
557.995	0.0668303
559.197	0.0669283
560.4	0.0660087
561.603	0.0678193
562.805	0.0698896
564.008	0.0723611
565.21	0.0684678
566.413	0.0708775
567.615	0.0708583
568.818	0.0665995
570.021	0.0677698
571.223	0.0682088
572.426	0.0681673
573.628	0.0674832
574.831	0.0659999
576.033	0.0667254
577.236	0.0634944
578.439	0.0652105
579.641	0.0629535
580.844	0.0644411
582.046	0.0604478
583.249	0.0640685
584.451	0.0654799
585.654	0.0616907
586.857	0.0626013
588.059	0.063163
589.262	0.0620144
590.464	0.0642433
591.667	0.064309
592.869	0.0670713
594.072	0.0662912
595.275	0.0673597
596.477	0.0653585
597.68	0.0636742
598.882	0.0660603
600.085	0.0628326
601.288	0.0648298
602.49	0.0618953
603.693	0.0614751
604.895	0.0644859
606.098	0.0642901
607.3	0.0652275
608.503	0.0671159
609.706	0.0615992
610.908	0.0634219
612.111	0.0640176
613.313	0.0650826
614.516	0.0606311
615.718	0.0633616
616.921	0.0636902
618.124	0.0652635
619.326	0.0651086
620.529	0.0675268
621.731	0.0649484
622.934	0.0652825
624.136	0.0621769
625.339	0.0648678
626.542	0.0631033
627.744	0.0644261
628.947	0.0668103
630.149	0.0652489
631.352	0.0628111
632.554	0.0617883
633.757	0.0601221
634.96	0.0618658
636.162	0.0620658
637.365	0.0627171
638.567	0.0617534
639.77	0.0670076
640.972	0.0637293
642.175	0.0622425
643.378	0.0660746
644.58	0.0619966
645.783	0.0627791
646.985	0.0659416
648.188	0.0636733
649.391	0.0638418
650.593	0.0623296
651.796	0.0608634
652.998	0.0587769
654.201	0.0588484
655.403	0.0591441
656.606	0.0580291
657.809	0.0584989
659.011	0.0580212
660.214	0.0592495
661.416	0.062495
662.619	0.0595204
663.821	0.0619159
665.024	0.0592136
666.227	0.0595086
667.429	0.0594872
668.632	0.0596973
669.834	0.0607596
671.037	0.0615686
672.239	0.0595951
673.442	0.0608167
674.645	0.0625804
675.847	0.0579881
677.05	0.0620439
678.252	0.0617775
679.455	0.0633247
680.657	0.0611047
681.86	0.0608642
683.063	0.0583103
684.265	0.0603631
685.468	0.0602457
686.67	0.0565284
687.873	0.0574938
689.075	0.0583937
690.278	0.0570753
691.481	0.0547374
692.683	0.0567887
693.886	0.0541007
695.088	0.055129
696.291	0.0553455
697.494	0.053917
698.696	0.0580743
699.899	0.0583737
701.101	0.0592519
702.304	0.0567943
703.506	0.0569571
704.709	0.0586527
705.912	0.0563296
707.114	0.0586383
708.317	0.0584287
709.519	0.0542499
710.722	0.0544849
711.924	0.0559432
713.127	0.0568721
714.33	0.0562521
715.532	0.0515985
716.735	0.0550199
717.937	0.0561175
719.14	0.0531447
720.342	0.0538763
721.545	0.056097
722.748	0.0570457
723.95	0.0568506
725.153	0.0580598
726.355	0.0563748
727.558	0.0576732
728.76	0.0581785
729.963	0.0572807
731.166	0.0571577
732.368	0.0545368
733.571	0.0564071
734.773	0.0552318
735.976	0.0523059
737.178	0.0542441
738.381	0.0549757
739.584	0.0539199
740.786	0.0557252
741.989	0.0531178
743.191	0.0534704
744.394	0.0543478
745.597	0.0525121
746.799	0.0538593
748.002	0.0545649
749.204	0.055291
750.407	0.0562047
751.609	0.0548635
752.812	0.0550028
754.015	0.0560023
755.217	0.0515212
756.42	0.0548469
757.622	0.0537671
758.825	0.0512133
760.027	0.0547991
761.23	0.053999
762.433	0.0557757
763.635	0.0549822
764.838	0.0549107
766.04	0.0532998
767.243	0.052916
768.445	0.0514281
769.648	0.052603
770.851	0.0506169
772.053	0.052666
773.256	0.0530024
774.458	0.0511445
775.661	0.0530308
776.863	0.053493
778.066	0.0538854
779.269	0.0557041
780.471	0.0571592
781.674	0.0563993
782.876	0.0575217
784.079	0.0568863
785.281	0.0569607
786.484	0.0567001
787.687	0.0558262
788.889	0.0532549
790.092	0.0530797
791.294	0.0541647
792.497	0.0514771
793.7	0.05142
794.902	0.0560116
796.105	0.0530904
797.307	0.0574027
798.51	0.0572425
799.712	0.0542239
800.915	0.0561933
802.118	0.0554669
803.32	0.0548331
804.523	0.0508292
805.725	0.052192
806.928	0.0523008
808.13	0.0526953
809.333	0.0580098
810.536	0.0564176
811.738	0.0540241
812.941	0.053815
814.143	0.0553954
815.346	0.0564982
816.548	0.0563123
817.751	0.0548757
818.954	0.0558648
820.156	0.0532331
821.359	0.054003
822.561	0.0549934
823.764	0.0565773
824.966	0.0552466
826.169	0.0538299
827.372	0.0530086
828.574	0.0541762
829.777	0.0539993
830.979	0.0536266
832.182	0.0499198
833.384	0.0513822
834.587	0.052952
835.79	0.0535414
836.992	0.0540745
838.195	0.0526854
839.397	0.0518491
840.6	0.0546094
841.803	0.0559244
843.005	0.0574709
844.208	0.0558238
845.41	0.0569405
846.613	0.0561801
847.815	0.0560194
849.018	0.0548642
850.221	0.0543656
851.423	0.0514903
852.626	0.0512284
853.828	0.0519232
855.031	0.0527979
856.233	0.054223
857.436	0.0547746
858.639	0.0553163
859.841	0.0549484
861.044	0.0534828
862.246	0.0542065
863.449	0.0565297
864.651	0.0514978
865.854	0.0534417
867.057	0.0500894
868.259	0.047542
869.462	0.0486772
870.664	0.0494978
871.867	0.0507945
873.069	0.0515974
874.272	0.050802
875.475	0.0499859
876.677	0.0537058
877.88	0.0533089
879.082	0.0538702
880.285	0.054636
881.487	0.0549805
882.69	0.0526002
883.893	0.055613
885.095	0.0562391
886.298	0.0562261
887.5	0.0540889
888.703	0.052998
889.906	0.0523783
891.108	0.0509661
892.311	0.0507429
893.513	0.0497969
894.716	0.050847
895.918	0.0495493
897.121	0.049649
898.324	0.0497258
899.526	0.051294
900.729	0.0512174
901.931	0.0534845
903.134	0.0526868
904.336	0.0501235
905.539	0.0523712
906.742	0.0478744
907.944	0.0485795
909.147	0.0482949
910.349	0.0510697
911.552	0.0494287
912.754	0.0487836
913.957	0.0483094
915.16	0.0479602
916.362	0.0506752
917.565	0.0478297
918.767	0.0498083
919.97	0.0492184
921.172	0.0501889
922.375	0.0485294
923.578	0.0496613
924.78	0.05088
925.983	0.0524861
927.185	0.0491435
928.388	0.0525856
929.59	0.0508614
930.793	0.0508404
931.996	0.0544349
933.198	0.0518248
934.401	0.0500838
935.603	0.0531903
936.806	0.0527235
938.009	0.0511242
939.211	0.0515442
940.414	0.0477873
941.616	0.0461964
942.819	0.0491462
944.021	0.0464153
945.224	0.0481578
946.427	0.0488369
947.629	0.0480559
948.832	0.0499904
950.034	0.0512482
951.237	0.0500933
952.439	0.0479602
953.642	0.0514388
954.845	0.0504523
956.047	0.0525249
957.25	0.0502437
958.452	0.0488929
959.655	0.0497986
960.857	0.0464729
962.06	0.0500474
963.263	0.0491484
964.465	0.0502093
965.668	0.0498353
966.87	0.0511499
968.073	0.0519355
969.275	0.0518386
970.478	0.0484539
971.681	0.0513553
972.883	0.0482859
974.086	0.0500834
975.288	0.0530368
976.491	0.0524807
977.693	0.0520817
978.896	0.0547794
980.099	0.0484092
981.301	0.0490289
982.504	0.0470191
983.706	0.0478616
984.909	0.045666
986.112	0.0461114
987.314	0.0512006
988.517	0.0446272
989.719	0.0450998
990.922	0.0477438
992.124	0.0433951
993.327	0.0464769
994.53	0.0496786
995.732	0.0450294
996.935	0.0465412
998.137	0.045282
999.34	0.0463584
1000.54	0.0463514
1001.74	0.0462182
1002.95	0.0457208
1004.15	0.0458329
1005.35	0.045706
1006.56	0.0438412
1007.76	0.0440706
1008.96	0.0444091
1010.16	0.0430584
1011.37	0.0423627
1012.57	0.0433147
1013.77	0.0444713
1014.97	0.0412404
1016.18	0.0420776
1017.38	0.0420595
1018.58	0.0440528
1019.78	0.0461435
1020.99	0.0481731
1022.19	0.04452
1023.39	0.0458401
1024.59	0.0468593
1025.8	0.044981
1027	0.0469758
1028.2	0.0471742
1029.4	0.043287
1030.61	0.0436929
1031.81	0.0453257
1033.01	0.0449214
1034.21	0.0446003
1035.42	0.0453282
1036.62	0.0459521
1037.82	0.0440339
1039.02	0.0444874
1040.23	0.0455287
1041.43	0.042614
1042.63	0.0433189
1043.84	0.0426054
1045.04	0.0457164
1046.24	0.0452691
1047.44	0.0435031
1048.65	0.0472985
1049.85	0.0458904
1051.05	0.04504
1052.25	0.0451676
1053.46	0.046432
1054.66	0.0454898
1055.86	0.0455611
1057.06	0.0451307
1058.27	0.0461586
1059.47	0.0485182
1060.67	0.0492102
1061.87	0.0483199
1063.08	0.0452966
1064.28	0.0448014
1065.48	0.0431099
1066.68	0.0436822
1067.89	0.0430582
1069.09	0.0420059
1070.29	0.0410498
1071.49	0.0431886
1072.7	0.0405374
1073.9	0.0412032
1075.1	0.0421475
1076.3	0.0432165
1077.51	0.042216
1078.71	0.0433268
1079.91	0.0474087
1081.11	0.0434312
1082.32	0.0453946
1083.52	0.0446315
1084.72	0.0424223
1085.93	0.0418379
1087.13	0.043059
1088.33	0.0411624
1089.53	0.0394297
1090.74	0.04303
1091.94	0.0423384
1093.14	0.0448006
1094.34	0.041735
1095.55	0.0416066
1096.75	0.0428733
1097.95	0.0419609
1099.15	0.0458241
1100.36	0.0460597
1101.56	0.0479067
1102.76	0.0466804
1103.96	0.0471849
1105.17	0.0442752
1106.37	0.0452761
1107.57	0.044093
1108.77	0.0418917
1109.98	0.0418126
1111.18	0.0471161
1112.38	0.0433304
1113.58	0.0437227
1114.79	0.0441644
1115.99	0.0435291
1117.19	0.0434268
1118.39	0.0409987
1119.6	0.0443531
1120.8	0.042359
1122	0.0424881
1123.21	0.0461627
1124.41	0.0478386
1125.61	0.0475083
1126.81	0.0432228
1128.02	0.0416603
1129.22	0.0436031
1130.42	0.0441243
1131.62	0.0481761
1132.83	0.0457237
1134.03	0.0462802
1135.23	0.0469259
1136.43	0.0425184
1137.64	0.0473718
1138.84	0.0449536
1140.04	0.046868
1141.24	0.0459177
1142.45	0.046857
1143.65	0.0474189
1144.85	0.0443182
1146.05	0.047075
1147.26	0.045926
1148.46	0.0447086
1149.66	0.0463236
1150.86	0.0478892
1152.07	0.0468263
1153.27	0.0464124
1154.47	0.0449824
1155.67	0.0472198
1156.88	0.0480261
1158.08	0.0447612
1159.28	0.0441375
1160.48	0.0459405
1161.69	0.0456302
1162.89	0.0443342
1164.09	0.0440821
1165.3	0.0445424
1166.5	0.0447847
1167.7	0.047166
1168.9	0.0468531
1170.11	0.046375
1171.31	0.0454453
1172.51	0.0468911
1173.71	0.0494926
1174.92	0.046803
1176.12	0.0455868
1177.32	0.0444276
1178.52	0.0460186
1179.73	0.0446757
1180.93	0.0413701
1182.13	0.0428892
1183.33	0.0442446
1184.54	0.0471638
1185.74	0.0455389
1186.94	0.0462607
1188.14	0.0483795
1189.35	0.0446619
1190.55	0.0463097
1191.75	0.0451396
1192.95	0.0415191
1194.16	0.0424856
1195.36	0.0387892
1196.56	0.0386853
1197.76	0.0382608
1198.97	0.0396634
1200.17	0.0404855
1201.37	0.0423614
1202.58	0.0428284
1203.78	0.042517
1204.98	0.0425503
1206.18	0.042914
1207.39	0.0408255
1208.59	0.0415996
1209.79	0.0372903
1210.99	0.0359808
1212.2	0.0368949
1213.4	0.0379159
1214.6	0.0378748
1215.8	0.0372421
1217.01	0.0352501
1218.21	0.0372947
1219.41	0.0362217
1220.61	0.0371988
1221.82	0.0389843
1223.02	0.0370328
1224.22	0.0386297
1225.42	0.0386687
1226.63	0.0395193
1227.83	0.0406751
1229.03	0.039289
1230.23	0.0392532
1231.44	0.0363643
1232.64	0.0401657
1233.84	0.036555
1235.04	0.0383207
1236.25	0.0402577
1237.45	0.0407729
1238.65	0.0404005
1239.85	0.0401376
1241.06	0.0391909
1242.26	0.0403712
1243.46	0.0389081
1244.67	0.0410109
1245.87	0.0393957
1247.07	0.041195
1248.27	0.0416356
1249.48	0.0409589
1250.68	0.0390632
1251.88	0.0372116
1253.08	0.0375697
1254.29	0.039151
1255.49	0.039507
1256.69	0.039751
1257.89	0.0400544
1259.1	0.0414122
1260.3	0.0412458
1261.5	0.0414778
1262.7	0.0384053
1263.91	0.0417781
1265.11	0.0397674
1266.31	0.0392251
1267.51	0.0413648
1268.72	0.0408343
1269.92	0.0409496
1271.12	0.0387376
1272.32	0.0392914
1273.53	0.0380566
1274.73	0.0365869
1275.93	0.0382395
1277.13	0.03736
1278.34	0.0376395
1279.54	0.0403649
1280.74	0.0394324
1281.94	0.0376478
1283.15	0.0388367
1284.35	0.0394112
1285.55	0.0384621
1286.76	0.04354
1287.96	0.0392452
1289.16	0.0389862
1290.36	0.0422702
1291.57	0.0407703
1292.77	0.0382725
1293.97	0.0391232
1295.17	0.0387833
1296.38	0.0399465
1297.58	0.0390644
1298.78	0.0388638
1299.98	0.0432883
1301.19	0.0386513
1302.39	0.0398305
1303.59	0.0396896
1304.79	0.0405635
1306	0.0373052
1307.2	0.0363128
1308.4	0.0436945
1309.6	0.0424697
1310.81	0.0402524
1312.01	0.0370862
1313.21	0.0403658
1314.41	0.0394216
1315.62	0.0374931
1316.82	0.0365381
1318.02	0.0352019
1319.22	0.0393763
1320.43	0.0412533
1321.63	0.0392129
1322.83	0.036665
1324.04	0.0370076
1325.24	0.0349967
1326.44	0.0331288
1327.64	0.0353157
1328.85	0.0357123
1330.05	0.0375666
1331.25	0.0346453
1332.45	0.0356994
1333.66	0.0357553
1334.86	0.0353054
1336.06	0.0363111
1337.26	0.0352954
1338.47	0.0339847
1339.67	0.0339429
1340.87	0.0357196
1342.07	0.0342769
1343.28	0.0346871
1344.48	0.034413
1345.68	0.0343284
1346.88	0.0343688
1348.09	0.0351739
1349.29	0.036785
1350.49	0.0371396
1351.69	0.033539
1352.9	0.0343226
1354.1	0.0317069
1355.3	0.0322518
1356.5	0.0318331
1357.71	0.0330468
1358.91	0.0310587
1360.11	0.0324577
1361.31	0.0330145
1362.52	0.0324671
1363.72	0.0299926
1364.92	0.0319417
1366.13	0.0333313
1367.33	0.0324424
1368.53	0.0335956
1369.73	0.0358133
1370.94	0.0348102
1372.14	0.0339593
1373.34	0.0335685
1374.54	0.0335993
1375.75	0.0317804
1376.95	0.0309478
1378.15	0.0312713
1379.35	0.0313963
1380.56	0.0327757
1381.76	0.0320649
1382.96	0.03219
1384.16	0.0324504
1385.37	0.0339424
1386.57	0.0336113
1387.77	0.0323899
1388.97	0.033655
1390.18	0.0331501
1391.38	0.0308539
1392.58	0.0321316
1393.78	0.0312641
1394.99	0.032547
1396.19	0.0287554
1397.39	0.0301934
1398.59	0.0286435
1399.8	0.0313225
1401	0.0303594
1402.2	0.0295335
1403.41	0.0327039
1404.61	0.0321973
1405.81	0.0298989
1407.01	0.0338339
1408.22	0.0346842
1409.42	0.033501
1410.62	0.0314038
1411.82	0.0300605
1413.03	0.0282569
1414.23	0.0335287
1415.43	0.0320003
1416.63	0.0329906
1417.84	0.0322257
1419.04	0.0322269
1420.24	0.0326149
1421.44	0.0357416
1422.65	0.0319872
1423.85	0.0326098
1425.05	0.0344162
1426.25	0.0319901
1427.46	0.0298363
1428.66	0.0306929
1429.86	0.0298508
1431.06	0.0309291
1432.27	0.0306194
1433.47	0.0311664
1434.67	0.0327506
1435.87	0.0316686
1437.08	0.0309628
1438.28	0.0307798
1439.48	0.0284861
1440.68	0.0309527
1441.89	0.0276699
1443.09	0.0277213
1444.29	0.0290263
1445.5	0.0281416
1446.7	0.0275582
1447.9	0.0277318
1449.1	0.0281875
1450.31	0.0271698
1451.51	0.029994
1452.71	0.0304889
1453.91	0.0299274
1455.12	0.0289176
1456.32	0.0298789
1457.52	0.0296819
1458.72	0.0306937
1459.93	0.0307583
1461.13	0.0324232
1462.33	0.0300668
1463.53	0.0272144
1464.74	0.0295935
1465.94	0.0304925
1467.14	0.0321344
1468.34	0.0303989
1469.55	0.0319352
1470.75	0.0344492
1471.95	0.0341909
1473.15	0.0338496
1474.36	0.0364749
1475.56	0.0354862
1476.76	0.033421
1477.96	0.0340383
1479.17	0.0344549
1480.37	0.0347362
1481.57	0.0338036
1482.77	0.0280592
1483.98	0.0299672
1485.18	0.0314591
1486.38	0.0310308
1487.59	0.0330659
1488.79	0.0319063
1489.99	0.0298277
1491.19	0.0300424
1492.4	0.0315617
1493.6	0.0298168
1494.8	0.0298163
1496	0.0287465
1497.21	0.0288115
1498.41	0.0260348
1499.61	0.0339297
1500.81	0.0235043
1502.02	0.0276227
1503.22	0.025976
1504.42	0.0261012
1505.62	0.0254805
1506.83	0.0260192
1508.03	0.0277462
1509.23	0.0262621
1510.43	0.0271863
1511.64	0.0278121
1512.84	0.0240824
1514.04	0.0253446
1515.24	0.0253443
1516.45	0.0255573
1517.65	0.0223011
1518.85	0.023396
1520.05	0.0240274
1521.26	0.0242376
1522.46	0.0229521
1523.66	0.0262133
1524.87	0.0226272
1526.07	0.0234126
1527.27	0.0256178
1528.47	0.0245214
1529.68	0.0241201
1530.88	0.024653
1532.08	0.0260368
1533.28	0.0238277
1534.49	0.0246199
1535.69	0.0247065
1536.89	0.0229541
1538.09	0.0236071
1539.3	0.0229335
1540.5	0.0249573
1541.7	0.0232264
1542.9	0.02384
1544.11	0.0240718
1545.31	0.0247116
1546.51	0.0234703
1547.71	0.0236083
1548.92	0.0256977
1550.12	0.0238988
1551.32	0.0255963
1552.52	0.0268091
1553.73	0.0235526
1554.93	0.0237528
1556.13	0.0235083
1557.33	0.0246738
1558.54	0.0237974
1559.74	0.0242167
1560.94	0.0247191
1562.14	0.02529
1563.35	0.0273849
1564.55	0.0272184
1565.75	0.0274224
1566.96	0.028095
1568.16	0.0273031
1569.36	0.027655
1570.56	0.0256326
1571.77	0.0245844
1572.97	0.0248647
1574.17	0.027031
1575.37	0.0245606
1576.58	0.0252628
1577.78	0.0235787
1578.98	0.0265297
1580.18	0.0256554
1581.39	0.0244564
1582.59	0.0242456
1583.79	0.0246522
1584.99	0.0268584
1586.2	0.0275106
1587.4	0.026115
1588.6	0.0250468
1589.8	0.0291223
1591.01	0.026215
1592.21	0.0269587
1593.41	0.0254295
1594.61	0.0291027
1595.82	0.0256536
1597.02	0.0259584
1598.22	0.0280994
1599.42	0.0282791
1600.63	0.0293819
1601.83	0.0273364
1603.03	0.0283883
1604.24	0.027398
1605.44	0.0244436
1606.64	0.024492
1607.84	0.0239225
1609.05	0.0228739
1610.25	0.0269824
1611.45	0.0241926
1612.65	0.0254587
1613.86	0.0232304
1615.06	0.0238636
1616.26	0.0248284
1617.46	0.0250404
1618.67	0.0245226
1619.87	0.0247053
1621.07	0.0224213
1622.27	0.0218568
1623.48	0.0227245
1624.68	0.0234308
1625.88	0.0231957
1627.08	0.0221505
1628.29	0.0204683
1629.49	0.0229177
1630.69	0.021859
1631.89	0.0229941
1633.1	0.0254682
1634.3	0.0250612
1635.5	0.0241441
1636.7	0.0247821
1637.91	0.0238429
1639.11	0.0229628
1640.31	0.0241284
1641.51	0.0238567
1642.72	0.024455
1643.92	0.0249459
1645.12	0.0221933
1646.33	0.0232548
1647.53	0.0241212
1648.73	0.0238683
1649.93	0.0237499
1651.14	0.0231183
1652.34	0.0218372
1653.54	0.0235653
1654.74	0.0229979
1655.95	0.0219078
1657.15	0.0241551
1658.35	0.0227015
1659.55	0.0225613
1660.76	0.0212437
1661.96	0.0224347
1663.16	0.0231482
1664.36	0.0228675
1665.57	0.0248984
1666.77	0.0253921
1667.97	0.0248836
1669.17	0.0246511
1670.38	0.0244551
1671.58	0.0218228
1672.78	0.0225443
1673.98	0.0221697
1675.19	0.0218227
1676.39	0.0222133
1677.59	0.0217935
1678.79	0.0198131
1680	0.0212919
1681.2	0.0203958
1682.4	0.0187608
1683.61	0.0183971
1684.81	0.0199639
1686.01	0.0210062
1687.21	0.0192296
1688.42	0.0198903
1689.62	0.0187937
1690.82	0.0183416
1692.02	0.0182165
1693.23	0.0195037
1694.43	0.0199268
1695.63	0.0204913
1696.83	0.0199946
1698.04	0.0205861
1699.24	0.0187901
1700.44	0.0195685
1701.64	0.0199847
1702.85	0.0207697
1704.05	0.020183
1705.25	0.0214752
1706.45	0.0182036
1707.66	0.0201844
1708.86	0.0187275
1710.06	0.018371
1711.26	0.0198208
1712.47	0.0195141
1713.67	0.0197222
1714.87	0.0217992
1716.07	0.0225133
1717.28	0.0209434
1718.48	0.0221033
1719.68	0.0207467
1720.88	0.0200171
1722.09	0.0212079
1723.29	0.0215024
1724.49	0.0220058
1725.7	0.0227611
1726.9	0.0230342
1728.1	0.0203097
1729.3	0.0199543
1730.51	0.0186705
1731.71	0.0185276
1732.91	0.0180397
1734.11	0.0187004
1735.32	0.0171181
1736.52	0.0196003
1737.72	0.0184756
1738.92	0.0184764
1740.13	0.0174535
1741.33	0.0183308
1742.53	0.0181734
1743.73	0.0179137
1744.94	0.0184494
1746.14	0.0182791
1747.34	0.0182189
1748.54	0.0188902
1749.75	0.019301
1750.95	0.020349
1752.15	0.0205943
1753.35	0.0217526
1754.56	0.0194884
1755.76	0.018497
1756.96	0.0201347
1758.16	0.0206188
1759.37	0.0190559
1760.57	0.0191445
1761.77	0.0180278
1762.97	0.0188896
1764.18	0.0184923
1765.38	0.0187842
1766.58	0.0202041
1767.79	0.022037
1768.99	0.0222648
1770.19	0.0208006
1771.39	0.0200752
1772.6	0.0183646
1773.8	0.019444
1775	0.0182907
1776.2	0.0181723
1777.41	0.0187823
1778.61	0.0196568
1779.81	0.019087
1781.01	0.0202769
1782.22	0.0204624
1783.42	0.0225401
1784.62	0.022154
1785.82	0.0201768
1787.03	0.0212667
1788.23	0.017913
1789.43	0.0182545
1790.63	0.0177641
1791.84	0.0191883
1793.04	0.0192952
1794.24	0.0189593
1795.44	0.0189355
1796.65	0.0181876
1797.85	0.0177975
1799.05	0.0187276
1800.25	0.0183263
1801.46	0.0179582
1802.66	0.0175454
1803.86	0.0184195
1805.07	0.0192807
1806.27	0.0201411
1807.47	0.0204344
1808.67	0.0228258
1809.88	0.0205847
1811.08	0.0211442
1812.28	0.0222759
1813.48	0.0223207
1814.69	0.0209074
1815.89	0.0198131
1817.09	0.0212446
1818.29	0.0204282
1819.5	0.0200827
1820.7	0.0212762
1821.9	0.0184727
1823.1	0.0210755
1824.31	0.0215523
1825.51	0.0226367
1826.71	0.0201372
1827.91	0.0223364
1829.12	0.0213942
1830.32	0.0182283
1831.52	0.0191947
1832.72	0.0191228
1833.93	0.0180232
1835.13	0.0184979
1836.33	0.0168496
1837.53	0.0149558
1838.74	0.0170778
1839.94	0.019844
1841.14	0.017928
1842.34	0.0171872
1843.55	0.0179426
1844.75	0.017326
1845.95	0.0160024
1847.16	0.017834
1848.36	0.0179719
1849.56	0.0161613
1850.76	0.0170361
1851.97	0.0164981
1853.17	0.0170685
1854.37	0.0168697
1855.57	0.0177222
1856.78	0.0192443
1857.98	0.0201203
1859.18	0.0178996
1860.38	0.0181538
1861.59	0.0172112
1862.79	0.0162838
1863.99	0.0158575
1865.19	0.0165799
1866.4	0.0165307
1867.6	0.016123
1868.8	0.0168556
1870	0.0172608
1871.21	0.01885
1872.41	0.0207443
1873.61	0.0202217
1874.81	0.0187042
1876.02	0.0203472
1877.22	0.0177163
1878.42	0.0183217
1879.62	0.0172518
1880.83	0.0179052
1882.03	0.0178383
1883.23	0.0184882
1884.44	0.0162539
1885.64	0.016096
1886.84	0.0149937
1888.04	0.0141416
1889.25	0.0142343
1890.45	0.0135626
1891.65	0.0143274
1892.85	0.014354
1894.06	0.0146875
1895.26	0.0148852
1896.46	0.0141519
1897.66	0.0152323
1898.87	0.0162247
1900.07	0.0151877
1901.27	0.0172571
1902.47	0.0164581
1903.68	0.0164559
1904.88	0.0165297
1906.08	0.0166503
1907.28	0.0158598
1908.49	0.0159484
1909.69	0.0151047
1910.89	0.0155716
1912.09	0.0154234
1913.3	0.0149506
1914.5	0.0142553
1915.7	0.0148945
1916.9	0.01483
1918.11	0.01486
1919.31	0.0149941
1920.51	0.0140739
1921.71	0.0148149
1922.92	0.0153144
1924.12	0.0162697
1925.32	0.0143995
1926.53	0.0145468
1927.73	0.0142443
1928.93	0.0152538
1930.13	0.014666
1931.34	0.0147984
1932.54	0.0140135
1933.74	0.0129155
1934.94	0.013986
1936.15	0.0172653
1937.35	0.0154684
1938.55	0.0160443
1939.75	0.017049
1940.96	0.0175816
1942.16	0.015279
1943.36	0.0164575
1944.56	0.0137451
1945.77	0.0149724
1946.97	0.015279
1948.17	0.0146793
1949.37	0.0144266
1950.58	0.0129164
1951.78	0.0149001
1952.98	0.014166
1954.18	0.0145373
1955.39	0.0133667
1956.59	0.0135101
1957.79	0.0128055
1958.99	0.0143443
1960.2	0.0134323
1961.4	0.014807
1962.6	0.0152978
1963.81	0.014073
1965.01	0.0145571
1966.21	0.0146949
1967.41	0.0145111
1968.62	0.0137549
1969.82	0.0143183
1971.02	0.0149287
1972.22	0.0143931
1973.43	0.0141667
1974.63	0.0139417
1975.83	0.0145928
1977.03	0.014519
1978.24	0.0152645
1979.44	0.01424
1980.64	0.0144604
1981.84	0.012369
1983.05	0.0123591
1984.25	0.0143219
1985.45	0.0132374
1986.65	0.01351
1987.86	0.0126535
1989.06	0.0124758
1990.26	0.0125409
1991.46	0.014754
1992.67	0.0135914
1993.87	0.0156765
1995.07	0.0163362
1996.27	0.0189574
1997.48	0.0171009
1998.68	0.0182966
1999.88	0.0140757
2001.08	0.0155115
2002.29	0.0153765
2003.49	0.0153786
2004.69	0.0163266
2005.9	0.0167946
2007.1	0.0149789
2008.3	0.0159311
2009.5	0.0174832
2010.71	0.0154781
2011.91	0.0142427
2013.11	0.0132395
2014.31	0.0155452
2015.52	0.0135423
2016.72	0.0137819
2017.92	0.0141634
2019.12	0.0156068
2020.33	0.0130783
2021.53	0.0126249
2022.73	0.0127417
2023.93	0.0124036
2025.14	0.0134522
2026.34	0.013863
2027.54	0.014257
2028.74	0.0128418
2029.95	0.0126901
2031.15	0.0138201
2032.35	0.0133056
2033.55	0.0155335
2034.76	0.0151053
2035.96	0.0137022
2037.16	0.0142824
2038.36	0.0153323
2039.57	0.0150015
2040.77	0.0144093
2041.97	0.013737
2043.17	0.0145719
2044.38	0.0153815
2045.58	0.0133348
2046.78	0.0120918
2047.99	0.0135063
2049.19	0.0138929
2050.39	0.0149936
2051.59	0.0138675
2052.8	0.0126213
2054	0.0119271
2055.2	0.0123871
2056.4	0.0129481
2057.61	0.013667
2058.81	0.0143014
2060.01	0.0146555
2061.21	0.0116112
2062.42	0.0127002
2063.62	0.0138923
2064.82	0.0127608
2066.02	0.0142448
2067.23	0.0143328
2068.43	0.014467
2069.63	0.0146553
2070.83	0.0131954
2072.04	0.0138205
2073.24	0.0156476
2074.44	0.0136713
2075.64	0.0125515
2076.85	0.0133628
2078.05	0.0134774
2079.25	0.0106925
2080.45	0.0118368
2081.66	0.0100429
2082.86	0.0108711
2084.06	0.0105936
2085.27	0.0109471
2086.47	0.0136738
2087.67	0.0133827
2088.87	0.0127456
2090.08	0.0131686
2091.28	0.01416
2092.48	0.0115314
2093.68	0.0138734
2094.89	0.0128728
2096.09	0.0130848
2097.29	0.014196
2098.49	0.0138733
2099.7	0.0138578
2100.9	0.0130724
2102.1	0.0133913
2103.3	0.0124675
2104.51	0.0108968
2105.71	0.0118122
2106.91	0.0134922
2108.11	0.0136124
2109.32	0.0120344
2110.52	0.0113798
2111.72	0.0118561
2112.92	0.0113689
2114.13	0.0110278
2115.33	0.00965264
2116.53	0.0115218
2117.73	0.0113575
2118.94	0.0105131
2120.14	0.0101618
2121.34	0.0110832
2122.54	0.0114757
2123.75	0.0120595
2124.95	0.0115608
2126.15	0.0125697
2127.36	0.0131357
2128.56	0.0119716
2129.76	0.0131711
2130.96	0.0104791
2132.17	0.0110936
2133.37	0.012162
2134.57	0.0118522
2135.77	0.0114063
2136.98	0.0108154
2138.18	0.0115069
2139.38	0.0105967
2140.58	0.0122526
2141.79	0.0118151
2142.99	0.0109895
2144.19	0.012374
2145.39	0.0122401
2146.6	0.0129118
2147.8	0.0147263
2149	0.0140738
2150.2	0.0113591
2151.41	0.0126013
2152.61	0.0120247
2153.81	0.0124761
2155.01	0.0128292
2156.22	0.0148394
2157.42	0.0158696
2158.62	0.0145846
2159.82	0.012228
2161.03	0.0123279
2162.23	0.0125885
2163.43	0.0129895
2164.64	0.0106811
2165.84	0.0103498
2167.04	0.0110116
2168.24	0.0119913
2169.45	0.012122
2170.65	0.0128577
2171.85	0.011522
2173.05	0.0105615
2174.26	0.0138702
2175.46	0.0132964
2176.66	0.0133964
2177.86	0.0137667
2179.07	0.0144184
2180.27	0.0140272
2181.47	0.0140152
2182.67	0.0127517
2183.88	0.0119655
2185.08	0.0125434
2186.28	0.0124314
2187.48	0.0122593
2188.69	0.0123364
2189.89	0.0126769
2191.09	0.0142905
2192.29	0.0146666
2193.5	0.0127517
2194.7	0.0137565
2195.9	0.0136182
2197.1	0.0127796
2198.31	0.0128069
2199.51	0.0117231
2200.71	0.0128885
2201.91	0.0131459
2203.12	0.0146668
2204.32	0.016483
2205.52	0.0138529
2206.73	0.0117809
2207.93	0.0116721
2209.13	0.0130655
2210.33	0.0132863
2211.54	0.0147301
2212.74	0.0126131
2213.94	0.015376
2215.14	0.0136214
2216.35	0.0131173
2217.55	0.0138173
2218.75	0.0121042
2219.95	0.0137277
2221.16	0.0136272
2222.36	0.0148851
2223.56	0.0124227
2224.76	0.0118346
2225.97	0.0122436
2227.17	0.0142319
2228.37	0.0138008
2229.57	0.0140488
2230.78	0.0139627
2231.98	0.0130006
2233.18	0.0135289
2234.38	0.0115937
2235.59	0.0114358
2236.79	0.0133406
2237.99	0.0125049
2239.19	0.0132429
2240.4	0.013946
2241.6	0.0134472
2242.8	0.0138398
2244	0.0144834
2245.21	0.0128104
2246.41	0.0127644
2247.61	0.0129836
2248.82	0.0131684
2250.02	0.0136755
2251.22	0.01295
2252.42	0.0116598
2253.63	0.012563
2254.83	0.0122902
2256.03	0.01123
2257.23	0.0122784
2258.44	0.0117499
2259.64	0.0136766
2260.84	0.0144413
2262.04	0.012595
2263.25	0.0122187
2264.45	0.011703
2265.65	0.0120051
2266.85	0.0113142
2268.06	0.0116708
2269.26	0.0113622
2270.46	0.0104834
2271.66	0.00929036
2272.87	0.00921268
2274.07	0.0105532
2275.27	0.00969923
2276.47	0.0102544
2277.68	0.00957689
2278.88	0.0099485
2280.08	0.0105763
2281.28	0.0103056
2282.49	0.0106668
2283.69	0.0100863
2284.89	0.00981329
2286.1	0.0101423
2287.3	0.0111838
2288.5	0.0096909
2289.7	0.01126
2290.91	0.0101043
2292.11	0.0114498
2293.31	0.0100278
2294.51	0.0113198
2295.72	0.00981971
2296.92	0.00990493
2298.12	0.0101348
2299.32	0.0100749
2300.53	0.0100658
2301.73	0.00968319
2302.93	0.0100348
2304.13	0.0113258
2305.34	0.01168
2306.54	0.0089438
2307.74	0.0100419
2308.94	0.0107
2310.15	0.0104984
2311.35	0.00972538
2312.55	0.00938939
2313.75	0.0118952
2314.96	0.0116344
2316.16	0.0117708
2317.36	0.0100812
2318.56	0.0133492
2319.77	0.0121317
2320.97	0.0114775
2322.17	0.0122886
2323.37	0.0104138
2324.58	0.0101146
2325.78	0.0104643
2326.98	0.00925531
2328.19	0.0102203
2329.39	0.0103204
2330.59	0.0101255
2331.79	0.0111564
2333	0.0113912
2334.2	0.0120134
2335.4	0.00974345
2336.6	0.0107699
2337.81	0.00996416
2339.01	0.010493
2340.21	0.00867465
2341.41	0.010107
2342.62	0.0095891
2343.82	0.00967044
2345.02	0.00919796
2346.22	0.0108368
2347.43	0.0120849
2348.63	0.0113221
2349.83	0.0103478
2351.03	0.0118213
2352.24	0.011058
2353.44	0.0116844
2354.64	0.00974675
2355.84	0.0101141
2357.05	0.00929228
2358.25	0.0104649
2359.45	0.00965759
2360.65	0.0088935
2361.86	0.00927418
2363.06	0.0081884
2364.26	0.00913004
2365.47	0.0082426
2366.67	0.00753354
2367.87	0.00775743
2369.07	0.00753286
2370.28	0.00834096
2371.48	0.0097566
2372.68	0.00938627
2373.88	0.00946
2375.09	0.00819967
2376.29	0.00841348
2377.49	0.00832647
2378.69	0.00920025
2379.9	0.00968062
2381.1	0.00902266
2382.3	0.00788685
2383.5	0.00894673
2384.71	0.00848593
2385.91	0.00834869
2387.11	0.00885723
2388.31	0.00992402
2389.52	0.0101443
2390.72	0.0104498
2391.92	0.00838092
2393.12	0.00809655
2394.33	0.00969233
2395.53	0.0106195
2396.73	0.00986903
2397.93	0.0104106
2399.14	0.011007
2400.34	0.00952077
2401.54	0.0113825
2402.74	0.00925891
2403.95	0.00930107
2405.15	0.0092443
2406.35	0.00941153
2407.56	0.00849093
2408.76	0.00867704
2409.96	0.0101914
2411.16	0.00906815
2412.37	0.00889412
2413.57	0.0100379
2414.77	0.0101988
2415.97	0.00976967
2417.18	0.00989983
2418.38	0.0101854
2419.58	0.00920006
2420.78	0.00945434
2421.99	0.0100868
2423.19	0.0103086
2424.39	0.00896107
2425.59	0.00811619
2426.8	0.010339
2428	0.0110577
2429.2	0.00998624
2430.4	0.00824581
2431.61	0.00847593
2432.81	0.0082274
2434.01	0.00872183
2435.21	0.00901841
2436.42	0.00996199
2437.62	0.00863909
2438.82	0.00888438
2440.02	0.00800229
2441.23	0.00754166
2442.43	0.00806013
2443.63	0.00878292
2444.84	0.00819759
2446.04	0.00775431
2447.24	0.00813101
2448.44	0.00932336
2449.65	0.00857441
2450.85	0.007383
2452.05	0.00730051
2453.25	0.00744855
2454.46	0.00624567
2455.66	0.00783423
2456.86	0.00767012
2458.06	0.00734401
2459.27	0.00687205
2460.47	0.00762494
2461.67	0.0064898
2462.87	0.00561462
2464.08	0.00620133
2465.28	0.00546751
2466.48	0.00594257
2467.68	0.0070311
2468.89	0.00583829
2470.09	0.00703508
2471.29	0.00674833
2472.49	0.00722544
2473.7	0.00743487
2474.9	0.00872746
2476.1	0.00845494
2477.3	0.00985132
2478.51	0.00778885
2479.71	0.00699603
2480.91	0.00700209
2482.11	0.00836967
2483.32	0.00675556
2484.52	0.0062452
2485.72	0.00718627
2486.93	0.00672971
2488.13	0.00655211
2489.33	0.00803266
2490.53	0.00731927
2491.74	0.00815388
2492.94	0.00670104
2494.14	0.00710873
2495.34	0.00819947
2496.55	0.00723066
2497.75	0.00746214
2498.95	0.00776005
2500.15	0.0075219
2501.36	0.00633708
2502.56	0.00586253
2503.76	0.00615269
2504.96	0.00611078
2506.17	0.00730194
2507.37	0.00701807
2508.57	0.0069451
2509.77	0.00689969
2510.98	0.00709846
2512.18	0.00560488
2513.38	0.00617682
2514.58	0.00740823
2515.79	0.00690369
2516.99	0.00898761
2518.19	0.00786338
2519.39	0.00801402
2520.6	0.00838624
2521.8	0.00845071
2523	0.00651062
2524.2	0.00643257
2525.41	0.00594359
2526.61	0.00631397
2527.81	0.00641521
2529.02	0.00701247
2530.22	0.00832716
2531.42	0.00669621
2532.62	0.00704325
2533.83	0.0066668
2535.03	0.00712536
2536.23	0.00642407
2537.43	0.00571789
2538.64	0.0063068
2539.84	0.00610364
2541.04	0.00592937
2542.24	0.00726979
2543.45	0.0061565
2544.65	0.00599097
2545.85	0.00664639
2547.05	0.00622521
2548.26	0.00580553
2549.46	0.00655588
2550.66	0.00556731
2551.86	0.00594813
2553.07	0.00705421
2554.27	0.00548009
2555.47	0.00571232
2556.67	0.00501527
2557.88	0.00502291
2559.08	0.00623172
2560.28	0.00652929
2561.48	0.00561683
2562.69	0.00491019
2563.89	0.0045758
2565.09	0.00470213
2566.3	0.00449452
2567.5	0.00491646
2568.7	0.00535788
2569.9	0.00477232
2571.11	0.00428003
2572.31	0.00499405
2573.51	0.00516536
2574.71	0.00537647
2575.92	0.00483608
2577.12	0.00417698
2578.32	0.0043984
2579.52	0.00448193
2580.73	0.00404081
2581.93	0.00416579
2583.13	0.00464873
2584.33	0.00468739
2585.54	0.00485498
2586.74	0.00501316
2587.94	0.00507257
2589.14	0.00417716
2590.35	0.0046804
2591.55	0.00438294
2592.75	0.0046393
2593.95	0.00409076
2595.16	0.0045927
2596.36	0.00468729
2597.56	0.00409794
2598.76	0.00498538
2599.97	0.00497797
2601.17	0.00411654
2602.37	0.00409109
2603.57	0.00406502
2604.78	0.00412304
2605.98	0.0036284
2607.18	0.00398181
2608.39	0.0033984
2609.59	0.00404404
2610.79	0.00415591
2611.99	0.00448347
2613.2	0.00394185
2614.4	0.00352701
2615.6	0.00382358
2616.8	0.00415513
2618.01	0.0039523
2619.21	0.00377799
2620.41	0.00459174
2621.61	0.00313106
2622.82	0.00366022
2624.02	0.00374117
2625.22	0.00379475
2626.42	0.00480798
2627.63	0.00500545
2628.83	0.00353416
2630.03	0.00350437
2631.23	0.00310849
2632.44	0.00323892
2633.64	0.00299629
2634.84	0.00401139
2636.04	0.00338912
2637.25	0.00500502
2638.45	0.00433085
2639.65	0.00503027
2640.85	0.00484443
2642.06	0.0039957
2643.26	0.00365422
2644.46	0.00351952
2645.67	0.00374753
2646.87	0.00356804
2648.07	0.00421684
2649.27	0.00334067
2650.48	0.00433516
2651.68	0.00391311
2652.88	0.00361963
2654.08	0.00346691
2655.29	0.00362151
2656.49	0.00359685
2657.69	0.00424562
2658.89	0.00414461
2660.1	0.00339994
2661.3	0.00377221
2662.5	0.00361516
2663.7	0.00334974
2664.91	0.00332424
2666.11	0.00336807
2667.31	0.00351187
2668.51	0.00315339
2669.72	0.00378954
2670.92	0.00372896
2672.12	0.00474286
2673.32	0.0047216
2674.53	0.0046785
2675.73	0.00369818
2676.93	0.00375993
2678.13	0.00358915
2679.34	0.00389007
2680.54	0.003404
2681.74	0.00476733
2682.94	0.00375727
2684.15	0.00371426
2685.35	0.00313539
2686.55	0.00421408
2687.76	0.00475048
2688.96	0.0044407
2690.16	0.00414935
2691.36	0.00547606
2692.57	0.00490731
2693.77	0.00460166
2694.97	0.00627768
2696.17	0.00501766
2697.38	0.0054883
2698.58	0.00556902
2699.78	0.00527304
2700.98	0.0042413
2702.19	0.00441859
2703.39	0.00380609
2704.59	0.00351151
2705.79	0.00478767
2707	0.00383407
2708.2	0.00332991
2709.4	0.00395147
2710.6	0.00418424
2711.81	0.00328036
2713.01	0.00315132
2714.21	0.00364454
2715.41	0.00326168
2716.62	0.00353945
2717.82	0.00349349
2719.02	0.00335797
2720.22	0.00330394
2721.43	0.0031908
2722.63	0.00338241
2723.83	0.00326769
2725.03	0.00311263
2726.24	0.0051257
2727.44	0.00470389
2728.64	0.00438256
2729.85	0.00405898
2731.05	0.00459974
2732.25	0.00477919
2733.45	0.00450006
2734.66	0.00310532
2735.86	0.00286844
2737.06	0.00255826
2738.26	0.0024865
2739.47	0.00356184
2740.67	0.00275937
2741.87	0.00285344
2743.07	0.00316048
2744.28	0.002829
2745.48	0.00253378
2746.68	0.00316012
2747.88	0.00280216
2749.09	0.00288627
2750.29	0.00256648
2751.49	0.00318452
2752.69	0.00337809
2753.9	0.00308842
2755.1	0.00347547
2756.3	0.00382414
2757.5	0.00301528
2758.71	0.00349988
2759.91	0.00353353
2761.11	0.00331483
2762.31	0.00331931
2763.52	0.00325098
2764.72	0.0031758
2765.92	0.00318548
2767.13	0.00316079
2768.33	0.00303326
2769.53	0.00293091
2770.73	0.00265737
2771.94	0.00289159
2773.14	0.00309867
2774.34	0.0035826
2775.54	0.00359559
2776.75	0.00308565
2777.95	0.00364224
2779.15	0.00308957
2780.35	0.00293304
2781.56	0.00269162
2782.76	0.00268135
2783.96	0.00291979
2785.16	0.00403154
2786.37	0.00311977
2787.57	0.00365745
2788.77	0.00352304
2789.97	0.00302653
2791.18	0.00341703
2792.38	0.00354364
2793.58	0.00314319
2794.78	0.00350716
2795.99	0.00339507
2797.19	0.00340561
2798.39	0.00388097
2799.59	0.00428519
2800.8	0.0034163
2802	0.00360568
2803.2	0.00318146
2804.4	0.00328363
2805.61	0.00343896
2806.81	0.00309391
2808.01	0.00314374
2809.22	0.0031372
2810.42	0.00373436
2811.62	0.00307447
2812.82	0.00379649
2814.03	0.00356941
2815.23	0.00398578
2816.43	0.00368622
2817.63	0.00428286
2818.84	0.00458368
2820.04	0.00366278
2821.24	0.0043934
2822.44	0.00513038
2823.65	0.00528447
2824.85	0.00432125
2826.05	0.00427087
2827.25	0.00448267
2828.46	0.00465443
2829.66	0.004865
2830.86	0.00476105
2832.06	0.00458599
2833.27	0.00497137
2834.47	0.00408047
2835.67	0.00400263
2836.87	0.00444678
2838.08	0.00369787
2839.28	0.00472635
2840.48	0.00449966
2841.68	0.00419886
2842.89	0.00390482
2844.09	0.00387076
2845.29	0.00359478
2846.5	0.00329667
2847.7	0.00295623
2848.9	0.00286101
2850.1	0.00364085
2851.31	0.00346926
2852.51	0.00430824
2853.71	0.00387977
2854.91	0.00436709
2856.12	0.00426347
2857.32	0.00415545
2858.52	0.00539074
2859.72	0.00405435
2860.93	0.00480836
2862.13	0.00435939
2863.33	0.0043736
2864.53	0.0048367
2865.74	0.00479557
2866.94	0.00477001
2868.14	0.00414777
2869.34	0.00388323
2870.55	0.00340268
2871.75	0.00384743
2872.95	0.00319421
2874.15	0.00477225
2875.36	0.00401154
2876.56	0.00408141
2877.76	0.00451618
2878.96	0.00504953
2880.17	0.00395085
2881.37	0.00342015
2882.57	0.00311934
2883.77	0.00294435
2884.98	0.00416447
2886.18	0.00488186
2887.38	0.00421618
2888.59	0.00414845
2889.79	0.00357017
2890.99	0.00372521
2892.19	0.00443268
2893.4	0.00416265
2894.6	0.00351433
2895.8	0.00358638
2897	0.00446028
2898.21	0.00376721
2899.41	0.00424715
2900.61	0.00449331
2901.81	0.00528326
2903.02	0.00385853
2904.22	0.00333361
2905.42	0.00489859
2906.62	0.00363217
2907.83	0.00374626
2909.03	0.00294862
2910.23	0.0038993
2911.43	0.0037363
2912.64	0.00302444
2913.84	0.00356039
2915.04	0.00374999
2916.24	0.00357771
2917.45	0.00298299
2918.65	0.00280268
2919.85	0.00376952
2921.05	0.00408469
2922.26	0.00353562
2923.46	0.00315986
2924.66	0.00389085
2925.87	0.0032745
2927.07	0.00398722
2928.27	0.00372717
2929.47	0.00448086
2930.68	0.00404231
2931.88	0.00423048
2933.08	0.00393755
2934.28	0.0044929
2935.49	0.00477053
2936.69	0.00356133
2937.89	0.00263389
2939.09	0.00306077
2940.3	0.00283728
2941.5	0.00327656
2942.7	0.00429485
2943.9	0.0039011
2945.11	0.00356051
2946.31	0.00264614
2947.51	0.00303025
2948.71	0.00316735
2949.92	0.00351138
2951.12	0.00384882
2952.32	0.00340022
2953.52	0.00378706
2954.73	0.00372319
2955.93	0.00359605
2957.13	0.00349847
2958.33	0.00312018
2959.54	0.00338848
2960.74	0.00327945
2961.94	0.00306498
2963.14	0.00338272
2964.35	0.00328136
2965.55	0.00365281
2966.75	0.00424641
2967.96	0.0038336
2969.16	0.0043033
2970.36	0.00414258
2971.56	0.00445515
2972.77	0.00415435
2973.97	0.00359791
2975.17	0.00323472
2976.37	0.00387858
2977.58	0.00259203
2978.78	0.00290268
2979.98	0.00299499
2981.18	0.00316965
2982.39	0.00330255
2983.59	0.00315792
2984.79	0.0038911
2985.99	0.00335963
2987.2	0.00357018
2988.4	0.00279642
2989.6	0.00365985
2990.8	0.00406199
2992.01	0.00327943
2993.21	0.00309312
2994.41	0.00266316
2995.61	0.00260889
2996.82	0.00301219
2998.02	0.00285725
2999.22	0.00406266
3000.42	0.00418744
3001.63	0.00336736
3002.83	0.00298654
3004.03	0.00235098
3005.23	0.00303923
