0	3.51865
3.23241	2.57999
6.46482	1.806
9.69722	1.29633
12.9296	0.950144
16.162	0.729974
19.3944	0.587626
22.6269	0.484095
25.8593	0.436772
29.0917	0.390409
32.3241	0.358137
35.5565	0.337052
38.7889	0.324405
42.0213	0.311656
45.2537	0.296514
48.4861	0.293512
51.7185	0.287081
54.9509	0.285256
58.1833	0.277349
61.4158	0.272036
64.6482	0.265005
67.8806	0.257802
71.113	0.255183
74.3454	0.242673
77.5778	0.241568
80.8102	0.238018
84.0426	0.237926
87.275	0.232703
90.5074	0.231747
93.7398	0.228835
96.9722	0.216471
100.205	0.216335
103.437	0.209336
106.669	0.208425
109.902	0.205371
113.134	0.202135
116.367	0.200191
119.599	0.198938
122.832	0.198362
126.064	0.194977
129.296	0.187465
132.529	0.193424
135.761	0.192675
138.994	0.188785
142.226	0.183745
145.458	0.176229
148.691	0.175415
151.923	0.171443
155.156	0.171597
158.388	0.172483
161.62	0.168753
164.853	0.169357
168.085	0.168609
171.318	0.166453
174.55	0.163454
177.782	0.161201
181.015	0.160225
184.247	0.159841
187.48	0.155751
190.712	0.157312
193.944	0.15588
197.177	0.15389
200.409	0.156774
203.642	0.155362
206.874	0.151044
210.107	0.146889
213.339	0.149108
216.571	0.14734
219.804	0.144852
223.036	0.140835
226.269	0.143059
229.501	0.141535
232.733	0.144119
235.966	0.138871
239.198	0.13912
242.431	0.132993
245.663	0.13232
248.895	0.133604
252.128	0.133577
255.36	0.129443
258.593	0.130814
261.825	0.12903
265.057	0.13094
268.29	0.130652
271.522	0.13222
274.755	0.123846
277.987	0.124518
281.22	0.128346
284.452	0.121852
287.684	0.12265
290.917	0.125283
294.149	0.12417
297.382	0.120267
300.614	0.120973
303.846	0.118827
307.079	0.121214
310.311	0.121868
313.544	0.119618
316.776	0.117219
320.008	0.118818
323.241	0.115549
326.473	0.115554
329.706	0.116835
332.938	0.116264
336.17	0.115635
339.403	0.117285
342.635	0.114289
345.868	0.11371
349.1	0.113306
352.332	0.116611
355.565	0.112718
358.797	0.109166
362.03	0.112605
365.262	0.113742
368.495	0.10504
371.727	0.109983
374.959	0.109856
378.192	0.111838
381.424	0.106848
384.657	0.108631
387.889	0.107667
391.121	0.105776
394.354	0.1054
397.586	0.105379
400.819	0.10458
404.051	0.108167
407.283	0.105903
410.516	0.107272
413.748	0.106048
416.981	0.110332
420.213	0.109837
423.445	0.107262
426.678	0.105555
429.91	0.103436
433.143	0.103012
436.375	0.102402
439.608	0.106998
442.84	0.101213
446.072	0.099546
449.305	0.0973092
452.537	0.0971923
455.77	0.0965517
459.002	0.0968713
462.234	0.0983718
465.467	0.0955885
468.699	0.0963805
471.932	0.0929626
475.164	0.0939387
478.396	0.0945633
481.629	0.094706
484.861	0.0928078
488.094	0.0958274
491.326	0.092204
494.558	0.0922406
497.791	0.130769
501.023	0.0817553
504.256	0.104588
507.488	0.112673
510.72	0.111741
513.953	0.109775
517.185	0.107477
520.418	0.111365
523.65	0.106837
526.883	0.108311
530.115	0.107285
533.347	0.106121
536.58	0.104763
539.812	0.101939
543.045	0.104089
546.277	0.0985127
549.509	0.103889
552.742	0.104369
555.974	0.107132
559.207	0.107041
562.439	0.102824
565.671	0.103835
568.904	0.102635
572.136	0.101343
575.369	0.0995086
578.601	0.102297
581.833	0.101798
585.066	0.0984111
588.298	0.100733
591.531	0.0988534
594.763	0.0999075
597.996	0.0991553
601.228	0.101359
604.46	0.100155
607.693	0.101522
610.925	0.0996799
614.158	0.0998921
617.39	0.098174
620.622	0.0987304
623.855	0.10092
627.087	0.0954274
630.32	0.095153
633.552	0.094597
636.784	0.0940425
640.017	0.0949324
643.249	0.0926947
646.482	0.091769
649.714	0.0968542
652.946	0.0928493
656.179	0.0948706
659.411	0.0941016
662.644	0.0943538
665.876	0.0951371
669.108	0.0927831
672.341	0.0949515
675.573	0.0956795
678.806	0.0936414
682.038	0.0922459
685.271	0.0933296
688.503	0.0934954
691.735	0.0937086
694.968	0.0933137
698.2	0.0943462
701.433	0.0924087
704.665	0.0927445
707.897	0.0927925
711.13	0.0961629
714.362	0.0961039
717.595	0.0948033
720.827	0.0925555
724.059	0.0903726
727.292	0.0878901
730.524	0.0882178
733.757	0.0888176
736.989	0.0873574
740.221	0.0921688
743.454	0.0924881
746.686	0.0926489
749.919	0.0890403
753.151	0.0892439
756.384	0.0859582
759.616	0.0888601
762.848	0.0871478
766.081	0.0870131
769.313	0.0864389
772.546	0.0850968
775.778	0.0853581
779.01	0.084732
782.243	0.0854592
785.475	0.0843941
788.708	0.08825
791.94	0.0851719
795.172	0.0869607
798.405	0.0898775
801.637	0.0869415
804.87	0.0824447
808.102	0.0841559
811.334	0.0813131
814.567	0.0824768
817.799	0.083681
821.032	0.0871136
824.264	0.085322
827.496	0.0888459
830.729	0.0847511
833.961	0.0840371
837.194	0.0847165
840.426	0.0835277
843.659	0.0820223
846.891	0.0808949
850.123	0.0831554
853.356	0.0828129
856.588	0.0789921
859.821	0.0817943
863.053	0.0791494
866.285	0.0798997
869.518	0.077577
872.75	0.0795544
875.983	0.0811434
879.215	0.0787132
882.447	0.0802048
885.68	0.0806295
888.912	0.0805898
892.145	0.0817779
895.377	0.0816331
898.609	0.080613
901.842	0.0825428
905.074	0.0811765
908.307	0.0773906
911.539	0.0817802
914.771	0.0785154
918.004	0.082918
921.236	0.0791064
924.469	0.0799135
927.701	0.0781811
930.934	0.0776416
934.166	0.079587
937.398	0.0769132
940.631	0.0795905
943.863	0.0766314
947.096	0.0792623
950.328	0.0786997
953.56	0.0818518
956.793	0.0820942
960.025	0.0791218
963.258	0.0804042
966.49	0.0800716
969.722	0.0811586
972.955	0.0784792
976.187	0.0834832
979.42	0.0812793
982.652	0.0811298
985.884	0.07815
989.117	0.0769777
992.349	0.0785214
995.582	0.0777521
998.814	0.0780253
1002.05	0.0774445
1005.28	0.0778751
1008.51	0.0788481
1011.74	0.0801116
1014.98	0.087422
1018.21	0.0831047
1021.44	0.0857982
1024.67	0.0837
1027.91	0.0807031
1031.14	0.0766346
1034.37	0.0777954
1037.6	0.0785975
1040.84	0.0783776
1044.07	0.0756855
1047.3	0.0792555
1050.53	0.0745797
1053.77	0.0738223
1057	0.0749009
1060.23	0.0764018
1063.46	0.0767216
1066.69	0.0758578
1069.93	0.0732686
1073.16	0.0772629
1076.39	0.0731022
1079.62	0.0723305
1082.86	0.0737898
1086.09	0.0743661
1089.32	0.0753986
1092.55	0.0795163
1095.79	0.0760781
1099.02	0.0752036
1102.25	0.0746764
1105.48	0.0738096
1108.72	0.0745505
1111.95	0.0744665
1115.18	0.073153
1118.41	0.0736127
1121.65	0.0762115
1124.88	0.0695497
1128.11	0.0695105
1131.34	0.0719407
1134.58	0.0705912
1137.81	0.07153
1141.04	0.0698068
1144.27	0.0720031
1147.5	0.0731087
1150.74	0.0703218
1153.97	0.0714123
1157.2	0.0714156
1160.43	0.070948
1163.67	0.0714489
1166.9	0.0716113
1170.13	0.0692704
1173.36	0.069647
1176.6	0.0710158
1179.83	0.069766
1183.06	0.0710289
1186.29	0.0698756
1189.53	0.0727566
1192.76	0.0726117
1195.99	0.0731537
1199.22	0.0705731
1202.46	0.0715663
1205.69	0.0716408
1208.92	0.0695628
1212.15	0.0689523
1215.39	0.0671746
1218.62	0.0657598
1221.85	0.0683727
1225.08	0.0678218
1228.32	0.0672812
1231.55	0.0674432
1234.78	0.0655874
1238.01	0.0668381
1241.24	0.0680491
1244.48	0.0672371
1247.71	0.0690365
1250.94	0.0663292
1254.17	0.0688733
1257.41	0.067355
1260.64	0.0699248
1263.87	0.0680789
1267.1	0.0687476
1270.34	0.0711352
1273.57	0.0709194
1276.8	0.0672625
1280.03	0.0684816
1283.27	0.0678297
1286.5	0.0688448
1289.73	0.0652733
1292.96	0.0677722
1296.2	0.0661972
1299.43	0.0686158
1302.66	0.0659062
1305.89	0.0660865
1309.13	0.0689131
1312.36	0.0677464
1315.59	0.0692411
1318.82	0.0683993
1322.05	0.0676201
1325.29	0.0731634
1328.52	0.0720417
1331.75	0.066817
1334.98	0.0669031
1338.22	0.068574
1341.45	0.0642638
1344.68	0.0682976
1347.91	0.0677451
1351.15	0.0687346
1354.38	0.0660461
1357.61	0.0664365
1360.84	0.0675178
1364.08	0.067909
1367.31	0.0661954
1370.54	0.0643373
1373.77	0.0652263
1377.01	0.0679848
1380.24	0.0671734
1383.47	0.0679436
1386.7	0.0700624
1389.94	0.0675471
1393.17	0.0678447
1396.4	0.0675454
1399.63	0.0680395
1402.87	0.0695366
1406.1	0.0706849
1409.33	0.0702102
1412.56	0.0678285
1415.79	0.0701311
1419.03	0.065621
1422.26	0.0675741
1425.49	0.0683469
1428.72	0.0712786
1431.96	0.0696023
1435.19	0.0686238
1438.42	0.0647266
1441.65	0.0642171
1444.89	0.0669957
1448.12	0.0687446
1451.35	0.0646989
1454.58	0.0651969
1457.82	0.0633402
1461.05	0.0658494
1464.28	0.0658337
1467.51	0.0662016
1470.75	0.0684209
1473.98	0.0658273
1477.21	0.0678297
1480.44	0.0662611
1483.68	0.0663378
1486.91	0.0634606
1490.14	0.0617545
1493.37	0.065756
1496.6	0.056763
1499.84	0.0689931
1503.07	0.0560125
1506.3	0.0573013
1509.53	0.0600403
1512.77	0.0601156
1516	0.0594824
1519.23	0.0621848
1522.46	0.0608829
1525.7	0.0606681
1528.93	0.0604813
1532.16	0.0628198
1535.39	0.0601061
1538.63	0.0607104
1541.86	0.0618651
1545.09	0.06003
1548.32	0.0617293
1551.56	0.0597779
1554.79	0.0559742
1558.02	0.0565926
1561.25	0.0544162
1564.49	0.0556897
1567.72	0.0531978
1570.95	0.0554572
1574.18	0.0548345
1577.42	0.0549287
1580.65	0.0540819
1583.88	0.0548376
1587.11	0.0562815
1590.34	0.0554746
1593.58	0.0558246
1596.81	0.058771
1600.04	0.0580205
1603.27	0.0585052
1606.51	0.0587687
1609.74	0.058597
1612.97	0.056908
1616.2	0.0584636
1619.44	0.0608864
1622.67	0.0557706
1625.9	0.0531306
1629.13	0.0523084
1632.37	0.0532291
1635.6	0.0532243
1638.83	0.051121
1642.06	0.0519628
1645.3	0.0496986
1648.53	0.0517519
1651.76	0.0525666
1654.99	0.0550457
1658.23	0.0549946
1661.46	0.0549182
1664.69	0.0520351
1667.92	0.0525897
1671.15	0.0551829
1674.39	0.0530638
1677.62	0.0511493
1680.85	0.0533885
1684.08	0.054533
1687.32	0.05361
1690.55	0.0510833
1693.78	0.0518579
1697.01	0.0501827
1700.25	0.0518897
1703.48	0.0511836
1706.71	0.0488192
1709.94	0.0503017
1713.18	0.0496696
1716.41	0.0498432
1719.64	0.0508322
1722.87	0.0495264
1726.11	0.0495066
1729.34	0.049462
1732.57	0.0534618
1735.8	0.0519082
1739.04	0.0521756
1742.27	0.0529934
1745.5	0.0493072
1748.73	0.0500979
1751.97	0.0514767
1755.2	0.0500461
1758.43	0.0513772
1761.66	0.0503278
1764.89	0.0486313
1768.13	0.0475986
1771.36	0.0472736
1774.59	0.0473119
1777.82	0.04728
1781.06	0.0512889
1784.29	0.0488859
1787.52	0.0499447
1790.75	0.051307
1793.99	0.0482174
1797.22	0.0502272
1800.45	0.0508595
1803.68	0.0489698
1806.92	0.0491337
1810.15	0.0479043
1813.38	0.0529946
1816.61	0.0525555
1819.85	0.0522836
1823.08	0.0499736
1826.31	0.0507132
1829.54	0.0493894
1832.78	0.0519537
1836.01	0.0508268
1839.24	0.0507811
1842.47	0.0504965
1845.71	0.0501828
1848.94	0.0502392
1852.17	0.0499831
1855.4	0.0470354
1858.63	0.0479305
1861.87	0.0481893
1865.1	0.0476391
1868.33	0.0464161
1871.56	0.0488152
1874.8	0.0479981
1878.03	0.0488762
1881.26	0.0478444
1884.49	0.0490961
1887.73	0.0494832
1890.96	0.0475087
1894.19	0.0483615
1897.42	0.0483258
1900.66	0.0479496
1903.89	0.0506706
1907.12	0.0493532
1910.35	0.0476838
1913.59	0.0464463
1916.82	0.0452872
1920.05	0.0481329
1923.28	0.0470566
1926.52	0.045168
1929.75	0.0443
1932.98	0.0449803
1936.21	0.0437391
1939.44	0.0444104
1942.68	0.0432385
1945.91	0.0443003
1949.14	0.0455178
1952.37	0.0458273
1955.61	0.0445932
1958.84	0.0436974
1962.07	0.044072
1965.3	0.0438811
1968.54	0.0418221
1971.77	0.0427273
1975	0.0427648
1978.23	0.0440253
1981.47	0.0441456
1984.7	0.0440516
1987.93	0.0437942
1991.16	0.0450841
1994.4	0.0444025
1997.63	0.0432523
2000.86	0.0448629
2004.09	0.0431019
2007.33	0.0420971
2010.56	0.0426116
2013.79	0.0422727
2017.02	0.0446596
2020.26	0.044968
2023.49	0.0433609
2026.72	0.0441051
2029.95	0.0432958
2033.18	0.0454382
2036.42	0.0447339
2039.65	0.0430968
2042.88	0.0433763
2046.11	0.0446608
2049.35	0.0441809
2052.58	0.0432703
2055.81	0.0442918
2059.04	0.044413
2062.28	0.045497
2065.51	0.0428569
2068.74	0.0424175
2071.97	0.0422363
2075.21	0.0467637
2078.44	0.0454518
2081.67	0.0443074
2084.9	0.0451851
2088.14	0.0453331
2091.37	0.0460655
2094.6	0.0429669
2097.83	0.04262
2101.07	0.0438167
2104.3	0.0410755
2107.53	0.0409991
2110.76	0.0435761
2113.99	0.043793
2117.23	0.0447014
2120.46	0.0441811
2123.69	0.0412014
2126.92	0.041169
2130.16	0.0411584
2133.39	0.0422444
2136.62	0.0424371
2139.85	0.0423222
2143.09	0.0462543
2146.32	0.0422252
2149.55	0.0426417
2152.78	0.0428735
2156.02	0.0424535
2159.25	0.0418734
2162.48	0.0428996
2165.71	0.0445076
2168.95	0.0437477
2172.18	0.0429949
2175.41	0.0426222
2178.64	0.0424725
2181.88	0.039952
2185.11	0.0397851
2188.34	0.0410401
2191.57	0.0427633
2194.81	0.0411761
2198.04	0.0409016
2201.27	0.0412662
2204.5	0.041478
2207.73	0.0412767
2210.97	0.0422112
2214.2	0.0427051
2217.43	0.0430487
2220.66	0.0431912
2223.9	0.0456664
2227.13	0.0424802
2230.36	0.042291
2233.59	0.0435846
2236.83	0.0439828
2240.06	0.042147
2243.29	0.0428216
2246.52	0.0394581
2249.76	0.0418971
2252.99	0.0419221
2256.22	0.0424057
2259.45	0.0449389
2262.69	0.0430592
2265.92	0.0415709
2269.15	0.0404492
2272.38	0.0391293
2275.62	0.0406768
2278.85	0.0415639
2282.08	0.0396193
2285.31	0.0401419
2288.54	0.0406195
2291.78	0.0421931
2295.01	0.0417355
2298.24	0.0421637
2301.47	0.0400693
2304.71	0.0393463
2307.94	0.0396078
2311.17	0.038547
2314.4	0.0379758
2317.64	0.0386922
2320.87	0.0382486
2324.1	0.0382341
2327.33	0.040609
2330.57	0.0414125
2333.8	0.0393442
2337.03	0.0390838
2340.26	0.0389611
2343.5	0.0410821
2346.73	0.0398542
2349.96	0.0405026
2353.19	0.0394471
2356.43	0.0383422
2359.66	0.0405899
2362.89	0.0425651
2366.12	0.040025
2369.36	0.0403254
2372.59	0.0410794
2375.82	0.0416453
2379.05	0.0415787
2382.28	0.0415562
2385.52	0.0402216
2388.75	0.0411194
2391.98	0.0389516
2395.21	0.0377873
2398.45	0.0371693
2401.68	0.0360058
2404.91	0.0387982
2408.14	0.0370051
2411.38	0.0375369
2414.61	0.038638
2417.84	0.0384815
2421.07	0.040235
2424.31	0.0397358
2427.54	0.0381853
2430.77	0.0393919
2434	0.0363612
2437.24	0.040174
2440.47	0.0409582
2443.7	0.0405865
2446.93	0.0375687
2450.17	0.0405791
2453.4	0.0389178
2456.63	0.0374453
2459.86	0.0361021
2463.09	0.0383659
2466.33	0.0381901
2469.56	0.0372503
2472.79	0.0383385
2476.02	0.0371094
2479.26	0.037024
2482.49	0.0346988
2485.72	0.0349541
2488.95	0.0346287
2492.19	0.0363568
2495.42	0.0354551
2498.65	0.0355697
2501.88	0.0346253
2505.12	0.0341791
2508.35	0.0352041
2511.58	0.0328489
2514.81	0.0350655
2518.05	0.0370952
2521.28	0.0362098
2524.51	0.0358867
2527.74	0.0358685
2530.98	0.0349956
2534.21	0.035223
2537.44	0.0353484
2540.67	0.0378484
2543.91	0.035921
2547.14	0.036364
2550.37	0.0391319
2553.6	0.036184
2556.83	0.0357404
2560.07	0.0358729
2563.3	0.035001
2566.53	0.0355322
2569.76	0.0359534
2573	0.0355729
2576.23	0.0352346
2579.46	0.0355026
2582.69	0.0353963
2585.93	0.0345009
2589.16	0.0351273
2592.39	0.0352023
2595.62	0.0352092
2598.86	0.036217
2602.09	0.0372114
2605.32	0.0355447
2608.55	0.0353042
2611.79	0.0361715
2615.02	0.0376006
2618.25	0.0365536
2621.48	0.0369124
2624.72	0.036692
2627.95	0.0371791
2631.18	0.037645
2634.41	0.0377945
2637.65	0.0382064
2640.88	0.0366828
2644.11	0.0348991
2647.34	0.0364564
2650.57	0.0382357
2653.81	0.0362339
2657.04	0.039067
2660.27	0.035911
2663.5	0.0343199
2666.74	0.036065
2669.97	0.0349473
2673.2	0.0356381
2676.43	0.0354113
2679.67	0.0361038
2682.9	0.0340831
2686.13	0.0384788
2689.36	0.0365435
2692.6	0.0361689
2695.83	0.035777
2699.06	0.0368914
2702.29	0.0372322
2705.53	0.03571
2708.76	0.0361871
2711.99	0.0342873
2715.22	0.033603
2718.46	0.0355829
2721.69	0.034882
2724.92	0.034678
2728.15	0.0314812
2731.38	0.0322518
2734.62	0.0312874
2737.85	0.0317006
2741.08	0.0310879
2744.31	0.0305198
2747.55	0.0322314
2750.78	0.0310559
2754.01	0.0315198
2757.24	0.0315612
2760.48	0.03087
2763.71	0.0313048
2766.94	0.0329392
2770.17	0.0327101
2773.41	0.0321186
2776.64	0.0325946
2779.87	0.0322127
2783.1	0.0309124
2786.34	0.0312269
2789.57	0.0305807
2792.8	0.0310611
2796.03	0.0300542
2799.27	0.0310728
2802.5	0.0321223
2805.73	0.0323377
2808.96	0.0307076
2812.2	0.0318181
2815.43	0.032733
2818.66	0.0304649
2821.89	0.0310461
2825.12	0.0329151
2828.36	0.0303873
2831.59	0.0303018
2834.82	0.0320369
2838.05	0.033023
2841.29	0.0333975
2844.52	0.0334776
2847.75	0.0334385
2850.98	0.0347457
2854.22	0.0331143
2857.45	0.0319121
2860.68	0.0337303
2863.91	0.0344388
2867.15	0.0348344
2870.38	0.0345922
2873.61	0.0343204
2876.84	0.0337607
2880.08	0.0336023
2883.31	0.0336786
2886.54	0.0335742
2889.77	0.0332283
2893.01	0.0356333
2896.24	0.0341866
2899.47	0.036533
2902.7	0.0351424
2905.93	0.0338934
2909.17	0.0363165
2912.4	0.0334079
2915.63	0.0335598
2918.86	0.0324997
2922.1	0.0318117
2925.33	0.0330596
2928.56	0.0304532
2931.79	0.0338084
2935.03	0.0328007
2938.26	0.0333495
2941.49	0.0327908
2944.72	0.0313069
2947.96	0.0314867
2951.19	0.0292744
2954.42	0.0330785
2957.65	0.0316968
2960.89	0.0327185
2964.12	0.0330327
2967.35	0.0319346
2970.58	0.0306363
2973.82	0.0338999
2977.05	0.0314173
2980.28	0.033381
2983.51	0.0318754
2986.75	0.0319139
2989.98	0.033229
2993.21	0.0311606
2996.44	0.0309772
2999.67	0.0305468
3002.91	0.0317693
3006.14	0.0331139
3009.37	0.0308282
3012.6	0.0304184
3015.84	0.0311582
3019.07	0.0313874
3022.3	0.0299519
3025.53	0.031545
3028.77	0.027439
3032	0.0282091
3035.23	0.0315205
3038.46	0.0332749
3041.7	0.0308546
3044.93	0.0313263
3048.16	0.0308166
3051.39	0.0315627
3054.63	0.0300435
3057.86	0.0291268
3061.09	0.0317355
3064.32	0.0301602
3067.56	0.0303796
3070.79	0.0325682
3074.02	0.0313099
3077.25	0.0331802
3080.48	0.0303149
3083.72	0.0299341
3086.95	0.0287103
3090.18	0.0291892
3093.41	0.0309028
3096.65	0.0310039
3099.88	0.0312701
3103.11	0.032948
3106.34	0.031759
3109.58	0.0304648
3112.81	0.032227
3116.04	0.031816
3119.27	0.0309447
3122.51	0.0317451
3125.74	0.0296432
3128.97	0.0298568
3132.2	0.0305705
3135.44	0.029949
3138.67	0.0287399
3141.9	0.0294025
3145.13	0.0282889
3148.37	0.0299031
3151.6	0.0303936
3154.83	0.029286
3158.06	0.0304731
3161.3	0.0299245
3164.53	0.0300176
3167.76	0.0295353
3170.99	0.0297728
3174.22	0.0296592
3177.46	0.0287413
3180.69	0.0316302
3183.92	0.0289009
3187.15	0.031412
3190.39	0.0308026
3193.62	0.0298581
3196.85	0.0291458
3200.08	0.0300381
3203.32	0.0314253
3206.55	0.0298066
3209.78	0.0292604
3213.01	0.0302042
3216.25	0.0292611
3219.48	0.0280117
3222.71	0.0289045
3225.94	0.0279097
3229.18	0.0301779
3232.41	0.0281031
3235.64	0.0304277
3238.87	0.0299358
3242.11	0.0281862
3245.34	0.0279017
3248.57	0.0273795
3251.8	0.0283466
3255.03	0.03009
3258.27	0.0274266
3261.5	0.0279102
3264.73	0.0284711
3267.96	0.0291875
3271.2	0.0286933
3274.43	0.0278778
3277.66	0.0288306
3280.89	0.0282971
3284.13	0.0306465
3287.36	0.029735
3290.59	0.0268268
3293.82	0.0279708
3297.06	0.0280741
3300.29	0.0291941
3303.52	0.029243
3306.75	0.0264721
3309.99	0.0266192
3313.22	0.0267613
3316.45	0.027325
3319.68	0.0269071
3322.92	0.0278987
3326.15	0.027531
3329.38	0.0279308
3332.61	0.0265483
3335.85	0.0273303
3339.08	0.026796
3342.31	0.025984
3345.54	0.0261412
3348.77	0.0259554
3352.01	0.0271042
3355.24	0.026927
3358.47	0.0261588
3361.7	0.0260212
3364.94	0.0252216
3368.17	0.0245838
3371.4	0.0255921
3374.63	0.0277522
3377.87	0.0263712
3381.1	0.0271606
3384.33	0.0259217
3387.56	0.0259974
3390.8	0.0276781
3394.03	0.027372
3397.26	0.0269287
3400.49	0.0272102
3403.73	0.0277959
3406.96	0.0273872
3410.19	0.0270336
3413.42	0.0287661
3416.66	0.0286412
3419.89	0.0284879
3423.12	0.0265663
3426.35	0.0271701
3429.59	0.0270534
3432.82	0.0279712
3436.05	0.0288214
3439.28	0.0263357
3442.51	0.0270752
3445.75	0.0286727
3448.98	0.0279511
3452.21	0.0267998
3455.44	0.0252645
3458.68	0.0256627
3461.91	0.0276216
3465.14	0.0266722
3468.37	0.0263226
3471.61	0.0270142
3474.84	0.0284206
3478.07	0.0299955
3481.3	0.0287813
3484.54	0.029904
3487.77	0.0282467
3491	0.0259603
3494.23	0.0281501
3497.47	0.0286493
3500.7	0.0287672
3503.93	0.0295786
3507.16	0.0302248
3510.4	0.0253231
3513.63	0.0276802
3516.86	0.0259525
3520.09	0.0254514
3523.32	0.0266831
3526.56	0.0261688
3529.79	0.0256105
3533.02	0.024947
3536.25	0.0249352
3539.49	0.0274538
3542.72	0.0281276
3545.95	0.0282329
3549.18	0.0275831
3552.42	0.0278645
3555.65	0.0291259
3558.88	0.026122
3562.11	0.0252353
3565.35	0.0263854
3568.58	0.0258288
3571.81	0.0264349
3575.04	0.0260176
3578.28	0.0245009
3581.51	0.0264218
3584.74	0.0295295
3587.97	0.0316123
3591.21	0.0282881
3594.44	0.0302266
3597.67	0.0287532
3600.9	0.0276884
3604.14	0.0289788
3607.37	0.0296778
3610.6	0.0265921
3613.83	0.025546
3617.06	0.0252324
3620.3	0.0256947
3623.53	0.026349
3626.76	0.0265996
3629.99	0.0249307
3633.23	0.0263086
3636.46	0.025401
3639.69	0.0259854
3642.92	0.025741
3646.16	0.0254428
3649.39	0.0257522
3652.62	0.0242826
3655.85	0.024144
3659.09	0.0236768
3662.32	0.0227033
3665.55	0.0241193
3668.78	0.0242215
3672.02	0.0263631
3675.25	0.0271068
3678.48	0.0218434
3681.71	0.0247657
3684.95	0.0244892
3688.18	0.0257533
3691.41	0.025131
3694.64	0.0242378
3697.87	0.0244332
3701.11	0.0236965
3704.34	0.0229748
3707.57	0.0223794
3710.8	0.0227914
3714.04	0.0229976
3717.27	0.023466
3720.5	0.0232097
3723.73	0.025063
3726.97	0.0243445
3730.2	0.0236282
3733.43	0.0232033
3736.66	0.0248354
3739.9	0.0230335
3743.13	0.0233846
3746.36	0.0234249
3749.59	0.0209686
3752.83	0.0231575
3756.06	0.0202974
3759.29	0.0227198
3762.52	0.0240884
3765.76	0.0232859
3768.99	0.0236636
3772.22	0.0248431
3775.45	0.0247635
3778.69	0.024903
3781.92	0.0237352
3785.15	0.0258315
3788.38	0.0217735
3791.61	0.0232974
3794.85	0.0258904
3798.08	0.0222708
3801.31	0.0230302
3804.54	0.0252826
3807.78	0.0253644
3811.01	0.0245651
3814.24	0.0250554
3817.47	0.0239585
3820.71	0.0246821
3823.94	0.0235223
3827.17	0.0235803
3830.4	0.0230231
3833.64	0.0242194
3836.87	0.0255187
3840.1	0.0254211
3843.33	0.0250598
3846.57	0.0224575
3849.8	0.0231115
3853.03	0.0238031
3856.26	0.0249588
3859.5	0.0257682
3862.73	0.0246507
3865.96	0.0259641
3869.19	0.0235623
3872.42	0.0269883
3875.66	0.0231631
3878.89	0.0229189
3882.12	0.0238159
3885.35	0.0249473
3888.59	0.0258072
3891.82	0.0221783
3895.05	0.0242687
3898.28	0.022954
3901.52	0.0243135
3904.75	0.022289
3907.98	0.0251703
3911.21	0.0232468
3914.45	0.0249137
3917.68	0.0261168
3920.91	0.0252278
3924.14	0.0245887
3927.38	0.0253449
3930.61	0.0250364
3933.84	0.0251947
3937.07	0.0234355
3940.31	0.0228108
3943.54	0.0207794
3946.77	0.0204953
3950	0.0225268
3953.24	0.0215531
3956.47	0.0230829
3959.7	0.0238568
3962.93	0.0246984
3966.16	0.0233856
3969.4	0.0232569
3972.63	0.0232985
3975.86	0.0254448
3979.09	0.0262217
3982.33	0.0259407
3985.56	0.0263228
3988.79	0.0248387
3992.02	0.0247886
3995.26	0.0229061
3998.49	0.0226593
4001.72	0.0228228
4004.95	0.0249247
4008.19	0.0250918
4011.42	0.0230102
4014.65	0.0225496
4017.88	0.0250489
4021.12	0.0223136
4024.35	0.0220366
4027.58	0.0229536
4030.81	0.0238997
4034.05	0.0232672
4037.28	0.0244604
4040.51	0.0227219
4043.74	0.0218334
4046.97	0.0237326
4050.21	0.0216877
4053.44	0.0210248
4056.67	0.02308
4059.9	0.0227749
4063.14	0.0236507
4066.37	0.0227366
4069.6	0.0236445
4072.83	0.0207454
4076.07	0.0214945
4079.3	0.0205143
4082.53	0.0214606
4085.76	0.0222469
4089	0.0211241
4092.23	0.0222838
4095.46	0.022822
4098.69	0.0214938
4101.93	0.0234826
4105.16	0.022425
4108.39	0.0222462
4111.62	0.0226494
4114.86	0.0233212
4118.09	0.0219147
4121.32	0.0237569
4124.55	0.0229109
4127.79	0.0223335
4131.02	0.0205504
4134.25	0.0203225
4137.48	0.0190806
4140.71	0.0194985
4143.95	0.0212111
4147.18	0.021766
4150.41	0.0236152
4153.64	0.0234903
4156.88	0.0233543
4160.11	0.0228442
4163.34	0.0220699
4166.57	0.0226715
4169.81	0.0238449
4173.04	0.0236206
4176.27	0.0234928
4179.5	0.0264302
4182.74	0.0220619
4185.97	0.020883
4189.2	0.0215064
4192.43	0.0205674
4195.67	0.0207371
4198.9	0.0228926
4202.13	0.0219785
4205.36	0.0203814
4208.6	0.0228882
4211.83	0.0228637
4215.06	0.0214964
4218.29	0.0222809
4221.53	0.0221486
4224.76	0.0216423
4227.99	0.021984
4231.22	0.0213971
4234.45	0.0214045
4237.69	0.0254322
4240.92	0.0243861
4244.15	0.0226187
4247.38	0.0209714
4250.62	0.0214444
4253.85	0.022498
4257.08	0.020497
4260.31	0.0206179
4263.55	0.0218292
4266.78	0.0211023
4270.01	0.0232641
4273.24	0.0224871
4276.48	0.0234601
4279.71	0.0217935
4282.94	0.0204043
4286.17	0.0204677
4289.41	0.0209286
4292.64	0.0234358
4295.87	0.0218236
4299.1	0.0219464
4302.34	0.0223429
4305.57	0.0184173
4308.8	0.0208095
4312.03	0.0220451
4315.26	0.0211869
4318.5	0.0198983
4321.73	0.0213832
4324.96	0.019551
4328.19	0.0203653
4331.43	0.021436
4334.66	0.0196358
4337.89	0.0192731
4341.12	0.0234422
4344.36	0.022472
4347.59	0.0218838
4350.82	0.0208191
4354.05	0.0205144
4357.29	0.0204315
4360.52	0.0188961
4363.75	0.0189247
4366.98	0.0193404
4370.22	0.0188821
4373.45	0.0177367
4376.68	0.0203945
4379.91	0.019189
4383.15	0.0196185
4386.38	0.0196153
4389.61	0.0209325
4392.84	0.0195172
4396.08	0.0195477
4399.31	0.0193781
4402.54	0.0205568
4405.77	0.0185138
4409	0.0199819
4412.24	0.0209013
4415.47	0.0201283
4418.7	0.0193998
4421.93	0.0188839
4425.17	0.0183324
4428.4	0.0188584
4431.63	0.0189098
4434.86	0.0194506
4438.1	0.020012
4441.33	0.0197013
4444.56	0.0185212
4447.79	0.0200613
4451.03	0.0213052
4454.26	0.0202505
4457.49	0.0197111
4460.72	0.0186996
4463.96	0.0184425
4467.19	0.0183835
4470.42	0.0187572
4473.65	0.0189486
4476.89	0.0189415
4480.12	0.0184848
4483.35	0.0187351
4486.58	0.0188867
4489.81	0.0193975
4493.05	0.0217531
4496.28	0.0217041
4499.51	0.0209402
4502.74	0.0231774
4505.98	0.0221621
4509.21	0.01815
4512.44	0.0188091
4515.67	0.0171228
4518.91	0.0180014
4522.14	0.0175097
4525.37	0.017206
4528.6	0.0188877
4531.84	0.0195242
4535.07	0.0176213
4538.3	0.0173442
4541.53	0.017291
4544.77	0.0179191
4548	0.0174713
4551.23	0.0184294
4554.46	0.0195832
4557.7	0.0187227
4560.93	0.0206207
4564.16	0.0177792
4567.39	0.0170791
4570.63	0.020171
4573.86	0.0215856
4577.09	0.0181269
4580.32	0.0174964
4583.55	0.0181891
4586.79	0.0196117
4590.02	0.0194409
4593.25	0.0203596
4596.48	0.0182379
4599.72	0.0188785
4602.95	0.0199688
4606.18	0.0163197
4609.41	0.0153068
4612.65	0.0159486
4615.88	0.0174237
4619.11	0.0162775
4622.34	0.0160298
4625.58	0.0168255
4628.81	0.0168259
4632.04	0.0178429
4635.27	0.0167102
4638.51	0.0167272
4641.74	0.0172768
4644.97	0.0178055
4648.2	0.0203247
4651.44	0.0194418
4654.67	0.017042
4657.9	0.0173187
4661.13	0.0151108
4664.36	0.0154718
4667.6	0.0160684
4670.83	0.0163878
4674.06	0.0182211
4677.29	0.0179337
4680.53	0.0171223
4683.76	0.0166675
4686.99	0.0156505
4690.22	0.0169631
4693.46	0.0167939
4696.69	0.0156638
4699.92	0.0176037
4703.15	0.0174757
4706.39	0.0179696
4709.62	0.0186419
4712.85	0.0184726
4716.08	0.0173307
4719.32	0.017641
4722.55	0.0173874
4725.78	0.0163629
4729.01	0.01555
4732.25	0.0158078
4735.48	0.0158308
4738.71	0.0157505
4741.94	0.0156435
4745.18	0.017526
4748.41	0.0152047
4751.64	0.0169179
4754.87	0.0161912
4758.1	0.0143373
4761.34	0.0153082
4764.57	0.0166031
4767.8	0.0153856
4771.03	0.0154251
4774.27	0.0161411
4777.5	0.014717
4780.73	0.0167967
4783.96	0.0170444
4787.2	0.0171216
4790.43	0.0156089
4793.66	0.0148664
4796.89	0.0160632
4800.13	0.0160538
4803.36	0.0166886
4806.59	0.0158617
4809.82	0.0147707
4813.06	0.0136338
4816.29	0.0125149
4819.52	0.0128599
4822.75	0.0145248
4825.99	0.0148817
4829.22	0.0146987
4832.45	0.0155016
4835.68	0.0161433
4838.91	0.0144411
4842.15	0.0167458
4845.38	0.0161973
4848.61	0.0163998
4851.84	0.017028
4855.08	0.0150768
4858.31	0.0149988
4861.54	0.014595
4864.77	0.0148036
4868.01	0.0162712
4871.24	0.0149025
4874.47	0.0139219
4877.7	0.014377
4880.94	0.0142781
4884.17	0.0150501
4887.4	0.014048
4890.63	0.0141702
4893.87	0.0165735
4897.1	0.0145039
4900.33	0.0144832
4903.56	0.0142786
4906.8	0.0142612
4910.03	0.0134933
4913.26	0.0144442
4916.49	0.0129151
4919.73	0.0148719
4922.96	0.0153467
4926.19	0.01372
4929.42	0.013532
4932.65	0.0146019
4935.89	0.0138323
4939.12	0.0138074
4942.35	0.0122251
4945.58	0.0120624
4948.82	0.0116997
4952.05	0.012323
4955.28	0.0135462
4958.51	0.0121189
4961.75	0.0115697
4964.98	0.0122724
4968.21	0.0119159
4971.44	0.0120562
4974.68	0.0123689
4977.91	0.0142105
4981.14	0.0137506
4984.37	0.0137527
4987.61	0.0140882
4990.84	0.013293
4994.07	0.0133196
4997.3	0.0117369
5000.54	0.0116818
5003.77	0.0133798
5007	0.0117486
5010.23	0.0123833
5013.46	0.0115013
5016.7	0.0122179
5019.93	0.01367
5023.16	0.0147756
5026.39	0.0171491
5029.63	0.0144965
5032.86	0.0135731
5036.09	0.0133805
5039.32	0.0133418
5042.56	0.0152938
5045.79	0.0142359
5049.02	0.0155532
5052.25	0.0156014
5055.49	0.0148024
5058.72	0.0145575
5061.95	0.0143637
5065.18	0.0141059
5068.42	0.0133519
5071.65	0.0136105
5074.88	0.0117377
5078.11	0.0125357
5081.35	0.012216
5084.58	0.0123463
5087.81	0.0133526
5091.04	0.0127103
5094.28	0.0128263
5097.51	0.0115917
5100.74	0.0131311
5103.97	0.0129178
5107.2	0.0147195
5110.44	0.0133043
5113.67	0.0149512
5116.9	0.0128722
5120.13	0.0130395
5123.37	0.0120135
5126.6	0.0124602
5129.83	0.0133183
5133.06	0.0138064
5136.3	0.0152198
5139.53	0.0148391
5142.76	0.0148128
5145.99	0.0144698
5149.23	0.0137924
5152.46	0.0154948
5155.69	0.0157399
5158.92	0.0134089
5162.16	0.0132968
5165.39	0.0149603
5168.62	0.01459
5171.85	0.0152009
5175.09	0.0138601
5178.32	0.0161244
5181.55	0.0149002
5184.78	0.0144382
5188.02	0.0126321
5191.25	0.0136805
5194.48	0.0142824
5197.71	0.0163504
5200.94	0.0153466
5204.18	0.0155809
5207.41	0.0148907
5210.64	0.0151098
5213.87	0.0157559
5217.11	0.0142205
5220.34	0.0155345
5223.57	0.0153315
5226.8	0.0142167
5230.04	0.0152537
5233.27	0.0157072
5236.5	0.0138856
5239.73	0.0150067
5242.97	0.0134226
5246.2	0.0147928
5249.43	0.0146871
5252.66	0.0145195
5255.9	0.0155277
5259.13	0.0138048
5262.36	0.0128706
5265.59	0.0117501
5268.83	0.0116718
5272.06	0.0125712
5275.29	0.0127854
5278.52	0.0117918
5281.75	0.0126019
5284.99	0.012252
5288.22	0.0132141
5291.45	0.0132388
5294.68	0.0137939
5297.92	0.0142914
5301.15	0.0151735
5304.38	0.0139118
5307.61	0.01564
5310.85	0.0135242
5314.08	0.0134916
5317.31	0.0125208
5320.54	0.0122385
5323.78	0.0127157
5327.01	0.0138136
5330.24	0.0135547
5333.47	0.0140863
5336.71	0.0136779
5339.94	0.0125579
5343.17	0.0125691
5346.4	0.0140978
5349.64	0.0121463
5352.87	0.0127259
5356.1	0.0128494
5359.33	0.0122787
5362.57	0.0116359
5365.8	0.0126177
5369.03	0.0129931
5372.26	0.0153747
5375.49	0.0146093
5378.73	0.0144424
5381.96	0.0150126
5385.19	0.0136398
5388.42	0.0132684
5391.66	0.013227
5394.89	0.0122584
5398.12	0.0122275
5401.35	0.0115139
5404.59	0.0123853
5407.82	0.0125404
5411.05	0.0119473
5414.28	0.0117328
5417.52	0.0125595
5420.75	0.0119087
5423.98	0.0123789
5427.21	0.0135968
5430.45	0.0126479
5433.68	0.0113287
5436.91	0.0112205
5440.14	0.0114516
5443.38	0.0116876
5446.61	0.0123425
5449.84	0.0116723
5453.07	0.0110432
5456.3	0.0124179
5459.54	0.0118556
5462.77	0.0112498
5466	0.0120783
5469.23	0.0122097
5472.47	0.011273
5475.7	0.0109457
5478.93	0.0111819
5482.16	0.010831
5485.4	0.0104254
5488.63	0.0102125
5491.86	0.0096535
5495.09	0.00974405
5498.33	0.00910511
5501.56	0.0106747
5504.79	0.0106137
5508.02	0.0104598
5511.26	0.0113817
5514.49	0.0119523
5517.72	0.00995833
5520.95	0.0122565
5524.19	0.0107229
5527.42	0.0107239
5530.65	0.0110346
5533.88	0.0108886
5537.12	0.00966355
5540.35	0.0104856
5543.58	0.0102918
5546.81	0.0100108
5550.04	0.00944585
5553.28	0.0102243
5556.51	0.00976181
5559.74	0.00982311
5562.97	0.010455
5566.21	0.0105362
5569.44	0.00914671
5572.67	0.0102991
5575.9	0.0102868
5579.14	0.0093526
5582.37	0.00978554
5585.6	0.0105865
5588.83	0.00935678
5592.07	0.0101734
5595.3	0.00977364
5598.53	0.00972055
5601.76	0.00965775
5605	0.00949625
5608.23	0.00904106
5611.46	0.00956437
5614.69	0.00977327
5617.93	0.0101008
5621.16	0.00957192
5624.39	0.00918748
5627.62	0.0100226
5630.85	0.0105429
5634.09	0.0110159
5637.32	0.0103346
5640.55	0.0123824
5643.78	0.0112403
5647.02	0.0119379
5650.25	0.0109826
5653.48	0.0101917
5656.71	0.00935004
5659.95	0.0115289
5663.18	0.0108462
5666.41	0.0100723
5669.64	0.0103426
5672.88	0.00894328
5676.11	0.00960911
5679.34	0.00906306
5682.57	0.0085959
5685.81	0.00844955
5689.04	0.00797095
5692.27	0.00883841
5695.5	0.00910231
5698.74	0.00848672
5701.97	0.00893094
5705.2	0.00954324
5708.43	0.00941762
5711.67	0.00890369
5714.9	0.00937853
5718.13	0.00948574
5721.36	0.00926107
5724.59	0.00870531
5727.83	0.00978033
5731.06	0.0109666
5734.29	0.0117614
5737.52	0.00974495
5740.76	0.00838455
5743.99	0.00894344
5747.22	0.00811645
5750.45	0.00943381
5753.69	0.00962052
5756.92	0.00888954
5760.15	0.0092905
5763.38	0.00883915
5766.62	0.00948697
5769.85	0.00993787
5773.08	0.0103631
5776.31	0.00998133
5779.55	0.0107726
5782.78	0.00956449
5786.01	0.0096627
5789.24	0.00968984
5792.48	0.00902926
5795.71	0.00948745
5798.94	0.0102225
5802.17	0.00937669
5805.4	0.0101288
5808.64	0.00988873
5811.87	0.00948199
5815.1	0.0080641
5818.33	0.00837864
5821.57	0.00881194
5824.8	0.00875929
5828.03	0.0107722
5831.26	0.0118057
5834.5	0.0099285
5837.73	0.0111957
5840.96	0.0110606
5844.19	0.0103829
5847.43	0.00942509
5850.66	0.0093765
5853.89	0.00929516
5857.12	0.00887611
5860.36	0.011148
5863.59	0.00893965
5866.82	0.00891375
5870.05	0.00904925
5873.29	0.00926223
5876.52	0.00981087
5879.75	0.00938726
5882.98	0.0084204
5886.22	0.0102359
5889.45	0.00867936
5892.68	0.0116546
5895.91	0.010442
5899.14	0.0103818
5902.38	0.00878826
5905.61	0.0132509
5908.84	0.00954756
5912.07	0.00917784
5915.31	0.0109206
5918.54	0.0104432
5921.77	0.0106966
5925	0.011049
5928.24	0.0110968
5931.47	0.00865462
5934.7	0.0107504
5937.93	0.0103143
5941.17	0.00899317
5944.4	0.0106908
5947.63	0.00957912
5950.86	0.00833739
5954.1	0.00956812
5957.33	0.00909757
5960.56	0.00933145
5963.79	0.00913571
5967.03	0.00930314
5970.26	0.0092944
5973.49	0.00925603
5976.72	0.010621
5979.96	0.00888032
5983.19	0.00946208
5986.42	0.00982847
5989.65	0.00965849
5992.88	0.00944616
5996.12	0.00985709
5999.35	0.00857261
6002.58	0.010527
6005.81	0.00963801
6009.05	0.00941657
6012.28	0.00858157
6015.51	0.0101962
6018.74	0.00983184
6021.98	0.00917897
6025.21	0.00938931
6028.44	0.00911506
6031.67	0.00837958
6034.91	0.0087975
6038.14	0.00856215
6041.37	0.00862924
6044.6	0.00812139
6047.84	0.00911672
6051.07	0.00816699
6054.3	0.0101854
6057.53	0.00919593
6060.77	0.00982226
6064	0.00894698
6067.23	0.00861793
6070.46	0.00968065
6073.69	0.00933556
6076.93	0.00919596
6080.16	0.00988329
6083.39	0.00823088
6086.62	0.00833823
6089.86	0.0092321
6093.09	0.00775537
6096.32	0.00765312
6099.55	0.00809899
6102.79	0.00755809
6106.02	0.00830031
6109.25	0.00885131
6112.48	0.00825464
6115.72	0.00944699
6118.95	0.0082276
6122.18	0.00658856
6125.41	0.00708127
6128.65	0.0067778
6131.88	0.00880464
6135.11	0.00713509
6138.34	0.00844117
6141.58	0.00725633
6144.81	0.00831315
6148.04	0.00783934
6151.27	0.00834414
6154.51	0.00883622
6157.74	0.00826782
6160.97	0.00920532
6164.2	0.00962513
6167.43	0.00998736
6170.67	0.00921907
6173.9	0.00891173
6177.13	0.00884287
6180.36	0.00767794
6183.6	0.00810421
6186.83	0.00777741
6190.06	0.00696746
6193.29	0.00739343
6196.53	0.00788646
6199.76	0.00853865
6202.99	0.00812154
6206.22	0.00644365
6209.46	0.00711047
6212.69	0.00667773
6215.92	0.00716994
6219.15	0.00693692
6222.39	0.00766608
6225.62	0.00728632
6228.85	0.0068622
6232.08	0.00627474
6235.32	0.00693328
6238.55	0.00639065
6241.78	0.00655737
6245.01	0.00553931
6248.24	0.00582487
6251.48	0.00584633
6254.71	0.00610031
6257.94	0.00646598
6261.17	0.00621434
6264.41	0.00636554
6267.64	0.00632155
6270.87	0.00666663
6274.1	0.00635427
6277.34	0.00718671
6280.57	0.0065635
6283.8	0.00660558
6287.03	0.00669333
6290.27	0.0078837
6293.5	0.00855125
6296.73	0.00742037
6299.96	0.00843317
6303.2	0.00715219
6306.43	0.00846559
6309.66	0.00955749
6312.89	0.00754234
6316.13	0.00814128
6319.36	0.00838227
6322.59	0.00916615
6325.82	0.00918905
6329.06	0.00876845
6332.29	0.00831732
6335.52	0.00696638
6338.75	0.00729698
6341.98	0.0068318
6345.22	0.00762157
6348.45	0.00721705
6351.68	0.0067905
6354.91	0.00705697
6358.15	0.00559666
6361.38	0.00613061
6364.61	0.0064658
6367.84	0.00578837
6371.08	0.00597001
6374.31	0.00626751
6377.54	0.00495764
6380.77	0.00542737
6384.01	0.00556055
6387.24	0.00573369
6390.47	0.00711237
6393.7	0.00558701
6396.94	0.00641405
6400.17	0.00553275
6403.4	0.00584992
6406.63	0.00580411
6409.87	0.00568441
6413.1	0.00721188
6416.33	0.00572023
6419.56	0.00571162
6422.79	0.00531033
6426.03	0.00619055
6429.26	0.00530668
6432.49	0.00551757
6435.72	0.0063393
6438.96	0.00560112
6442.19	0.00556985
6445.42	0.00500427
6448.65	0.00457531
6451.89	0.00500246
6455.12	0.00500856
6458.35	0.00523782
6461.58	0.00483385
6464.82	0.00511563
6468.05	0.00467422
6471.28	0.00528548
6474.51	0.00503343
6477.75	0.00563879
6480.98	0.00651423
6484.21	0.00623824
6487.44	0.00551441
6490.68	0.00603698
6493.91	0.00605298
6497.14	0.00717536
6500.37	0.00664768
6503.61	0.00480815
6506.84	0.00603291
6510.07	0.00601821
6513.3	0.00633372
6516.53	0.00490284
6519.77	0.00488006
6523	0.0051431
6526.23	0.00564903
6529.46	0.00524135
6532.7	0.00473499
6535.93	0.0055394
6539.16	0.00570508
6542.39	0.0050115
6545.63	0.00461675
6548.86	0.00434512
6552.09	0.00574704
6555.32	0.00598603
6558.56	0.00656127
6561.79	0.00526527
6565.02	0.00518373
6568.25	0.00564762
6571.49	0.00543316
6574.72	0.00466338
6577.95	0.00588258
6581.18	0.00451303
6584.42	0.00624941
6587.65	0.00533607
6590.88	0.00571028
6594.11	0.00484116
6597.34	0.00486945
6600.58	0.00462791
6603.81	0.00485962
6607.04	0.00527088
6610.27	0.00570487
6613.51	0.00515659
6616.74	0.00597064
6619.97	0.00442389
6623.2	0.00424021
6626.44	0.00455203
6629.67	0.00442191
6632.9	0.00518565
6636.13	0.00422631
6639.37	0.00404741
6642.6	0.00421398
6645.83	0.00445254
6649.06	0.00644937
6652.3	0.0053047
6655.53	0.00461066
6658.76	0.00555515
6661.99	0.00555431
6665.23	0.00473335
6668.46	0.00504233
6671.69	0.00477073
6674.92	0.00406341
6678.16	0.00521355
6681.39	0.00647287
6684.62	0.00609121
6687.85	0.00488019
6691.08	0.00548664
6694.32	0.00457142
6697.55	0.00424963
6700.78	0.00443125
6704.01	0.004205
6707.25	0.00422188
6710.48	0.00446856
6713.71	0.00503099
6716.94	0.00415602
6720.18	0.00440828
6723.41	0.00433091
6726.64	0.00519817
6729.87	0.00438295
6733.11	0.00455187
6736.34	0.0052955
6739.57	0.00471493
6742.8	0.0046732
6746.04	0.00364149
6749.27	0.00463163
6752.5	0.00441186
6755.73	0.00428087
6758.97	0.00529796
6762.2	0.00474593
6765.43	0.00500192
6768.66	0.00497321
6771.9	0.00393553
6775.13	0.00519132
6778.36	0.00479191
6781.59	0.0047975
6784.82	0.00563196
6788.06	0.00629535
6791.29	0.0057837
6794.52	0.00544648
6797.75	0.00491432
6800.99	0.00685793
6804.22	0.00549516
6807.45	0.00605644
6810.68	0.00764258
6813.92	0.0065876
6817.15	0.00672492
6820.38	0.00580313
6823.61	0.00666419
6826.85	0.00510526
6830.08	0.00506101
6833.31	0.00590143
6836.54	0.00546276
6839.78	0.00536322
6843.01	0.00574662
6846.24	0.00678771
6849.47	0.00748011
6852.71	0.00775277
6855.94	0.00637738
6859.17	0.00526422
6862.4	0.006415
6865.63	0.00550817
6868.87	0.00692931
6872.1	0.0063569
6875.33	0.00649069
6878.56	0.00671044
6881.8	0.00571831
6885.03	0.0065825
6888.26	0.00676403
6891.49	0.00738828
6894.73	0.00805959
6897.96	0.00569789
6901.19	0.00601261
6904.42	0.00582057
6907.66	0.00556393
6910.89	0.00658961
6914.12	0.00552268
6917.35	0.00578293
6920.59	0.00648597
6923.82	0.00619061
6927.05	0.00557978
6930.28	0.00535833
6933.52	0.00652457
6936.75	0.00747077
6939.98	0.00632728
6943.21	0.00557178
6946.45	0.00676223
6949.68	0.00548234
6952.91	0.00557302
6956.14	0.00525333
6959.37	0.00577339
6962.61	0.00516726
6965.84	0.00640233
6969.07	0.00570832
6972.3	0.00566127
6975.54	0.00596064
6978.77	0.00556108
6982	0.00533055
6985.23	0.00488255
6988.47	0.00479185
6991.7	0.00550351
6994.93	0.00566044
6998.16	0.00590364
7001.4	0.00636837
7004.63	0.00611047
7007.86	0.005821
7011.09	0.00610072
7014.33	0.00537966
7017.56	0.00613069
7020.79	0.00513344
7024.02	0.00444609
7027.26	0.00591919
7030.49	0.0064771
7033.72	0.00441052
7036.95	0.00553898
7040.18	0.00601786
7043.42	0.00475115
7046.65	0.00472657
7049.88	0.00539999
7053.11	0.00648306
7056.35	0.00439906
7059.58	0.00459861
7062.81	0.00425048
7066.04	0.00450628
7069.28	0.00572963
7072.51	0.00472753
7075.74	0.00580735
7078.97	0.00543936
7082.21	0.0051722
7085.44	0.00548302
7088.67	0.00496328
7091.9	0.00459073
7095.14	0.00427078
7098.37	0.00426428
7101.6	0.00565412
7104.83	0.00419348
7108.07	0.00357904
7111.3	0.00376604
7114.53	0.00430777
7117.76	0.00423879
7121	0.00375988
7124.23	0.00289566
7127.46	0.00303199
7130.69	0.00294164
7133.92	0.00301825
7137.16	0.00275609
7140.39	0.00317656
7143.62	0.00318486
7146.85	0.00422777
7150.09	0.00343057
7153.32	0.0032068
7156.55	0.00368579
7159.78	0.00291741
7163.02	0.00298988
7166.25	0.00350316
7169.48	0.00406763
7172.71	0.00343713
7175.95	0.00309368
7179.18	0.00291023
7182.41	0.00302977
7185.64	0.00355856
7188.88	0.00293615
7192.11	0.00296343
7195.34	0.00317691
7198.57	0.00281114
7201.81	0.00355235
7205.04	0.00349522
7208.27	0.00434592
7211.5	0.00354157
7214.73	0.00336482
7217.97	0.00361235
7221.2	0.00348855
7224.43	0.00293749
7227.66	0.0033581
7230.9	0.00328459
7234.13	0.00310729
7237.36	0.00296491
7240.59	0.00379956
7243.83	0.00347337
7247.06	0.00375187
7250.29	0.00485153
7253.52	0.00472388
7256.76	0.00417657
7259.99	0.00486462
7263.22	0.00475641
7266.45	0.00461075
7269.69	0.00537713
7272.92	0.00552572
7276.15	0.00635358
7279.38	0.00438487
7282.62	0.00389253
7285.85	0.00405982
7289.08	0.00351443
7292.31	0.00342256
7295.55	0.00318737
7298.78	0.00347623
7302.01	0.00333062
7305.24	0.00351488
7308.47	0.0030182
7311.71	0.00386103
7314.94	0.00273475
7318.17	0.00335846
7321.4	0.00366662
7324.64	0.0033905
7327.87	0.00272602
7331.1	0.00347258
7334.33	0.00446783
7337.57	0.00359195
7340.8	0.00348473
7344.03	0.003069
7347.26	0.00261829
7350.5	0.00254406
7353.73	0.00242135
7356.96	0.00268095
7360.19	0.00201152
7363.43	0.00241218
7366.66	0.00266436
7369.89	0.00258765
7373.12	0.002895
7376.36	0.00297427
7379.59	0.00260393
7382.82	0.00275568
7386.05	0.00246555
7389.28	0.00237619
7392.52	0.00238675
7395.75	0.00199297
7398.98	0.00251312
7402.21	0.00234892
7405.45	0.00210143
7408.68	0.00224327
7411.91	0.00275506
7415.14	0.00288132
7418.38	0.00230822
7421.61	0.00239197
7424.84	0.00245118
7428.07	0.00236436
7431.31	0.00247159
7434.54	0.00234585
7437.77	0.00241517
7441	0.00268393
7444.24	0.00263332
7447.47	0.00265891
7450.7	0.00321664
7453.93	0.00298665
7457.17	0.00343742
7460.4	0.0033916
7463.63	0.00253333
7466.86	0.00306561
7470.1	0.00280742
7473.33	0.00274723
7476.56	0.00258127
7479.79	0.00228364
7483.02	0.00219995
7486.26	0.00245019
7489.49	0.00291815
7492.72	0.00345011
7495.95	0.00316664
7499.19	0.00264728
7502.42	0.00274182
7505.65	0.00217106
7508.88	0.00267645
7512.12	0.00311208
7515.35	0.00230001
7518.58	0.00297445
7521.81	0.00244586
7525.05	0.0025044
7528.28	0.00250174
7531.51	0.00287962
7534.74	0.00255694
7537.98	0.00290583
7541.21	0.00300406
7544.44	0.00248316
7547.67	0.00247989
7550.91	0.00273045
7554.14	0.00233106
7557.37	0.00337442
7560.6	0.00250707
7563.84	0.00270222
7567.07	0.00263913
7570.3	0.00268537
7573.53	0.00309483
7576.76	0.00284897
7580	0.00284736
7583.23	0.00231772
7586.46	0.0027321
7589.69	0.00282904
7592.93	0.00269581
7596.16	0.00300208
7599.39	0.0022749
7602.62	0.0028837
7605.86	0.00301666
7609.09	0.00233541
7612.32	0.00254782
7615.55	0.00222065
7618.79	0.00228268
7622.02	0.00211959
7625.25	0.00286871
7628.48	0.0023602
7631.72	0.00236727
7634.95	0.00226179
7638.18	0.00236012
7641.41	0.00203048
7644.65	0.00281773
7647.88	0.00247872
7651.11	0.00260337
7654.34	0.00267923
7657.57	0.00340733
7660.81	0.00288151
7664.04	0.00336607
7667.27	0.0027508
7670.5	0.0023918
7673.74	0.00218658
7676.97	0.00357907
7680.2	0.00336771
7683.43	0.0026009
7686.67	0.00243207
7689.9	0.00348437
7693.13	0.00262467
7696.36	0.00331865
7699.6	0.00366136
7702.83	0.00341707
7706.06	0.0025901
7709.29	0.0026865
7712.53	0.00285556
7715.76	0.00278728
7718.99	0.00341722
7722.22	0.00406777
7725.46	0.0044548
7728.69	0.0028095
7731.92	0.00306903
7735.15	0.00291635
7738.39	0.00244976
7741.62	0.0024915
7744.85	0.00226003
7748.08	0.00215989
7751.31	0.00229799
7754.55	0.00181809
7757.78	0.00193381
7761.01	0.00171863
7764.24	0.00211274
7767.48	0.00184825
7770.71	0.00270536
7773.94	0.0025845
7777.17	0.00293647
7780.41	0.00213563
7783.64	0.00261095
7786.87	0.00247455
7790.1	0.00264083
7793.34	0.00206917
7796.57	0.00211438
7799.8	0.00220735
7803.03	0.00219333
7806.27	0.00223204
7809.5	0.00245875
7812.73	0.00258654
7815.96	0.00232238
7819.2	0.00201659
7822.43	0.00193966
7825.66	0.0024291
7828.89	0.00306943
7832.12	0.00233579
7835.36	0.00235832
7838.59	0.00235776
7841.82	0.00226106
7845.05	0.00176238
7848.29	0.00135791
7851.52	0.00122783
7854.75	0.00135077
7857.98	0.00148816
7861.22	0.00152213
7864.45	0.00147487
7867.68	0.00126788
7870.91	0.00137601
7874.15	0.0019703
7877.38	0.00155955
7880.61	0.0020035
7883.84	0.00193042
7887.08	0.00200198
7890.31	0.00269758
7893.54	0.00234978
7896.77	0.00203802
7900.01	0.00206254
7903.24	0.00202392
7906.47	0.00206791
7909.7	0.00166874
7912.94	0.00179951
7916.17	0.00227724
7919.4	0.00219174
7922.63	0.00147692
7925.86	0.00173468
7929.1	0.00145213
7932.33	0.00191588
7935.56	0.00178219
7938.79	0.0019821
7942.03	0.00243238
7945.26	0.00202217
7948.49	0.00153604
7951.72	0.00200272
7954.96	0.00207128
7958.19	0.0024965
7961.42	0.00326294
7964.65	0.00269404
7967.89	0.00221584
7971.12	0.00182841
7974.35	0.0020634
7977.58	0.00222819
7980.82	0.00275037
7984.05	0.00205304
7987.28	0.00187593
7990.51	0.00191642
7993.75	0.00251968
7996.98	0.00198667
8000.21	0.00197103
8003.44	0.00157618
8006.67	0.00199859
8009.91	0.00225728
8013.14	0.00278553
8016.37	0.0026429
8019.6	0.00241597
8022.84	0.00173254
8026.07	0.00204969
8029.3	0.00210415
8032.53	0.00228054
8035.77	0.00167614
8039	0.00149087
8042.23	0.00158036
8045.46	0.00161874
8048.7	0.00151714
8051.93	0.001206
8055.16	0.00153605
8058.39	0.00123064
8061.63	0.00158193
8064.86	0.00162966
8068.09	0.00126078
8071.32	0.00132321
8074.56	0.00137759
8077.79	0.00128215
