0	2.6
3.58577	1.857
7.17154	1.37858
10.7573	1.11652
14.3431	0.746141
17.9288	0.589019
21.5146	0.471843
25.1004	0.408851
28.6861	0.337802
32.2719	0.293502
35.8577	0.272142
39.4435	0.255465
43.0292	0.235228
46.615	0.226275
50.2008	0.219552
53.7865	0.209032
57.3723	0.204469
60.9581	0.199269
64.5438	0.192185
68.1296	0.188392
71.7154	0.183588
75.3011	0.180016
78.8869	0.177593
82.4727	0.177479
86.0584	0.173352
89.6442	0.166709
93.23	0.170518
96.8157	0.164654
100.402	0.163329
103.987	0.157178
107.573	0.155886
111.159	0.153552
114.745	0.151955
118.33	0.150512
121.916	0.144762
125.502	0.143662
129.088	0.144826
132.673	0.145177
136.259	0.144974
139.845	0.144225
143.431	0.138347
147.016	0.140014
150.602	0.138943
154.188	0.137824
157.774	0.13523
161.36	0.133111
164.945	0.135037
168.531	0.131281
172.117	0.131579
175.703	0.129002
179.288	0.127669
182.874	0.128426
186.46	0.123376
190.046	0.123109
193.631	0.124122
197.217	0.123187
200.803	0.12064
204.389	0.120617
207.975	0.120537
211.56	0.119175
215.146	0.120857
218.732	0.119413
222.318	0.118973
225.903	0.117477
229.489	0.115614
233.075	0.116368
236.661	0.112771
240.246	0.113415
243.832	0.114442
247.418	0.112452
251.004	0.113028
254.59	0.106542
258.175	0.107913
261.761	0.107916
265.347	0.108103
268.933	0.105498
272.518	0.102755
276.104	0.102341
279.69	0.105048
283.276	0.106676
286.861	0.104362
290.447	0.10191
294.033	0.102252
297.619	0.101698
301.205	0.0999981
304.79	0.10053
308.376	0.0982747
311.962	0.0997346
315.548	0.0992986
319.133	0.0983782
322.719	0.0970789
326.305	0.0953253
329.891	0.0976605
333.476	0.0933467
337.062	0.0931768
340.648	0.0922179
344.234	0.0932924
347.82	0.0951201
351.405	0.0945504
354.991	0.0938845
358.577	0.0968925
362.163	0.0933186
365.748	0.0931246
369.334	0.0924139
372.92	0.0937982
376.506	0.0946721
380.091	0.0930182
383.677	0.0915779
387.263	0.091199
390.849	0.0935512
394.435	0.0919777
398.02	0.0924628
401.606	0.092976
405.192	0.0914094
408.778	0.0894403
412.363	0.0878124
415.949	0.0875195
419.535	0.0884229
423.121	0.0880783
426.706	0.0875499
430.292	0.0887042
433.878	0.0881546
437.464	0.0893977
441.049	0.0875133
444.635	0.0870771
448.221	0.0863507
451.807	0.0850145
455.393	0.0850259
458.978	0.0874551
462.564	0.0843373
466.15	0.0862577
469.736	0.0836085
473.321	0.0867409
476.907	0.0831588
480.493	0.0827222
484.079	0.0851487
487.664	0.082163
491.25	0.0816493
494.836	0.0748406
498.422	0.11037
502.008	0.0835041
505.593	0.0993075
509.179	0.100013
512.765	0.101622
516.351	0.100996
519.936	0.0957399
523.522	0.098374
527.108	0.0974881
530.694	0.102623
534.279	0.0978029
537.865	0.096142
541.451	0.097094
545.037	0.0981386
548.623	0.0952367
552.208	0.0997581
555.794	0.0971219
559.38	0.0986797
562.966	0.0953968
566.551	0.0955008
570.137	0.0939661
573.723	0.0934884
577.309	0.0945233
580.894	0.0943755
584.48	0.0926922
588.066	0.091426
591.652	0.090481
595.238	0.0912695
598.823	0.0886062
602.409	0.0883836
605.995	0.0871712
609.581	0.0921883
613.166	0.0895173
616.752	0.090708
620.338	0.0928626
623.924	0.0914559
627.509	0.092561
631.095	0.0890963
634.681	0.0910027
638.267	0.0871358
641.853	0.0899929
645.438	0.0921915
649.024	0.0901961
652.61	0.0890003
656.196	0.0896497
659.781	0.0880691
663.367	0.0906714
666.953	0.0871188
670.539	0.0883632
674.124	0.0886154
677.71	0.0896807
681.296	0.0877904
684.882	0.0860056
688.467	0.0880894
692.053	0.0873794
695.639	0.0887057
699.225	0.0874904
702.811	0.0876233
706.396	0.0856933
709.982	0.0883532
713.568	0.0877954
717.154	0.0889625
720.739	0.0864908
724.325	0.0878262
727.911	0.090895
731.497	0.089313
735.082	0.0886253
738.668	0.0881182
742.254	0.0872093
745.84	0.0867424
749.426	0.0854025
753.011	0.0862861
756.597	0.0873508
760.183	0.0865953
763.769	0.089617
767.354	0.088015
770.94	0.0885101
774.526	0.0849466
778.112	0.0872586
781.697	0.0867978
785.283	0.0853099
788.869	0.0841978
792.455	0.0874599
796.041	0.086303
799.626	0.0844365
803.212	0.085273
806.798	0.084125
810.384	0.0818127
813.969	0.0817516
817.555	0.0828249
821.141	0.0853223
824.727	0.0827651
828.312	0.0837972
831.898	0.0828636
835.484	0.0851236
839.07	0.0838418
842.656	0.0821618
846.241	0.0823232
849.827	0.0825355
853.413	0.0840574
856.999	0.0833158
860.584	0.0839951
864.17	0.0833307
867.756	0.0826478
871.342	0.0811679
874.927	0.0808281
878.513	0.0812996
882.099	0.0846239
885.685	0.0815688
889.271	0.0816882
892.856	0.0844069
896.442	0.0852565
900.028	0.0818841
903.614	0.0831511
907.199	0.0801844
910.785	0.0820777
914.371	0.0825368
917.957	0.0809955
921.542	0.0813146
925.128	0.0793069
928.714	0.0837283
932.3	0.0793699
935.885	0.0839531
939.471	0.0819573
943.057	0.0820082
946.643	0.0801625
950.229	0.0792638
953.814	0.0776973
957.4	0.0810417
960.986	0.0783819
964.572	0.0765321
968.157	0.080343
971.743	0.0795407
975.329	0.0794624
978.915	0.0818842
982.5	0.0776413
986.086	0.0779568
989.672	0.0820167
993.258	0.0780848
996.844	0.0780112
1000.43	0.0776459
1004.02	0.07964
1007.6	0.0805908
1011.19	0.0788316
1014.77	0.0812879
1018.36	0.0829501
1021.94	0.0816209
1025.53	0.0773752
1029.12	0.0773896
1032.7	0.0781439
1036.29	0.0793768
1039.87	0.0779831
1043.46	0.0781917
1047.04	0.077523
1050.63	0.0790723
1054.22	0.0809497
1057.8	0.0816851
1061.39	0.0817198
1064.97	0.0794895
1068.56	0.0781531
1072.14	0.0793567
1075.73	0.0772746
1079.32	0.076965
1082.9	0.0755273
1086.49	0.0772576
1090.07	0.0773506
1093.66	0.0786536
1097.25	0.0813468
1100.83	0.0754903
1104.42	0.0749794
1108	0.0747163
1111.59	0.0737528
1115.17	0.0760246
1118.76	0.0779463
1122.35	0.0734042
1125.93	0.074912
1129.52	0.0727394
1133.1	0.0750524
1136.69	0.0753696
1140.27	0.0751579
1143.86	0.0764437
1147.45	0.0757974
1151.03	0.0779871
1154.62	0.0778543
1158.2	0.0773244
1161.79	0.0785786
1165.37	0.0768639
1168.96	0.0788861
1172.55	0.0761163
1176.13	0.0811856
1179.72	0.0774626
1183.3	0.0778006
1186.89	0.075342
1190.48	0.0756782
1194.06	0.0734063
1197.65	0.0746358
1201.23	0.075771
1204.82	0.0738692
1208.4	0.0733377
1211.99	0.0754889
1215.58	0.0737061
1219.16	0.0697704
1222.75	0.0698426
1226.33	0.0718225
1229.92	0.0733286
1233.5	0.0733774
1237.09	0.0752706
1240.68	0.0733622
1244.26	0.0738196
1247.85	0.0741263
1251.43	0.0743869
1255.02	0.0731513
1258.6	0.0736041
1262.19	0.0720059
1265.78	0.0736708
1269.36	0.0766156
1272.95	0.0766401
1276.53	0.0755474
1280.12	0.0752048
1283.71	0.0735004
1287.29	0.0742541
1290.88	0.0749243
1294.46	0.0742359
1298.05	0.0721935
1301.63	0.0739877
1305.22	0.0724372
1308.81	0.0725641
1312.39	0.0725882
1315.98	0.0713475
1319.56	0.0721697
1323.15	0.0725357
1326.73	0.0713118
1330.32	0.0730417
1333.91	0.0721158
1337.49	0.0705165
1341.08	0.0725388
1344.66	0.0693475
1348.25	0.0724218
1351.83	0.0734747
1355.42	0.0718444
1359.01	0.0725814
1362.59	0.0739201
1366.18	0.070677
1369.76	0.0717787
1373.35	0.0714757
1376.93	0.0703917
1380.52	0.0687718
1384.11	0.0696079
1387.69	0.0675039
1391.28	0.0682326
1394.86	0.0671484
1398.45	0.0680909
1402.04	0.0671243
1405.62	0.06746
1409.21	0.0684157
1412.79	0.0687251
1416.38	0.0713918
1419.96	0.0693217
1423.55	0.0673798
1427.14	0.0668616
1430.72	0.0667582
1434.31	0.0669628
1437.89	0.0686662
1441.48	0.0686983
1445.06	0.0683981
1448.65	0.068969
1452.24	0.0723252
1455.82	0.0712184
1459.41	0.0721861
1462.99	0.069048
1466.58	0.0685161
1470.16	0.0673447
1473.75	0.0690057
1477.34	0.0687072
1480.92	0.0702955
1484.51	0.0693997
1488.09	0.0672998
1491.68	0.0704259
1495.27	0.0606842
1498.85	0.0765018
1502.44	0.0481889
1506.02	0.0562219
1509.61	0.0547254
1513.19	0.0538245
1516.78	0.0550973
1520.37	0.0546118
1523.95	0.0572612
1527.54	0.0577967
1531.12	0.0569834
1534.71	0.0562323
1538.29	0.0561427
1541.88	0.0562021
1545.47	0.0564891
1549.05	0.0582961
1552.64	0.057432
1556.22	0.0576557
1559.81	0.0583194
1563.39	0.0578354
1566.98	0.0601227
1570.57	0.0607867
1574.15	0.0581348
1577.74	0.0548598
1581.32	0.0545495
1584.91	0.0558216
1588.5	0.0563603
1592.08	0.0566858
1595.67	0.055719
1599.25	0.0553599
1602.84	0.0566369
1606.42	0.0559032
1610.01	0.0560896
1613.6	0.0553166
1617.18	0.0556006
1620.77	0.0536529
1624.35	0.0546714
1627.94	0.0560843
1631.52	0.0553976
1635.11	0.0549329
1638.7	0.0560246
1642.28	0.0561734
1645.87	0.0556415
1649.45	0.0566991
1653.04	0.0578735
1656.62	0.054225
1660.21	0.0539224
1663.8	0.0539522
1667.38	0.0551689
1670.97	0.0576164
1674.55	0.0558429
1678.14	0.0559619
1681.73	0.0538661
1685.31	0.0563765
1688.9	0.0554837
1692.48	0.0546725
1696.07	0.0549019
1699.65	0.0556469
1703.24	0.0566274
1706.83	0.0542944
1710.41	0.0567105
1714	0.0563157
1717.58	0.0546198
1721.17	0.0519852
1724.75	0.0551228
1728.34	0.053627
1731.93	0.0528935
1735.51	0.0536803
1739.1	0.0539209
1742.68	0.0544535
1746.27	0.0524166
1749.85	0.0529783
1753.44	0.0532594
1757.03	0.0543835
1760.61	0.0548446
1764.2	0.0548547
1767.78	0.0540107
1771.37	0.0529724
1774.96	0.0517582
1778.54	0.0543194
1782.13	0.0524077
1785.71	0.0531608
1789.3	0.0505017
1792.88	0.0534721
1796.47	0.0540684
1800.06	0.0545313
1803.64	0.0516365
1807.23	0.0496508
1810.81	0.0513863
1814.4	0.0510319
1817.98	0.0495742
1821.57	0.049965
1825.16	0.0537972
1828.74	0.0516658
1832.33	0.0516335
1835.91	0.0534168
1839.5	0.0552466
1843.08	0.0529422
1846.67	0.0533934
1850.26	0.0523426
1853.84	0.0528001
1857.43	0.051696
1861.01	0.0537635
1864.6	0.05149
1868.19	0.0525013
1871.77	0.0505512
1875.36	0.0511816
1878.94	0.0506159
1882.53	0.0490514
1886.11	0.0496485
1889.7	0.0499763
1893.29	0.0503512
1896.87	0.0482516
1900.46	0.0508267
1904.04	0.0524085
1907.63	0.0506777
1911.21	0.0503872
1914.8	0.0496953
1918.39	0.0512856
1921.97	0.0504991
1925.56	0.0520126
1929.14	0.0501998
1932.73	0.0513143
1936.31	0.0499164
1939.9	0.0483964
1943.49	0.0481236
1947.07	0.0513113
1950.66	0.0534916
1954.24	0.0493128
1957.83	0.0489841
1961.42	0.0483158
1965	0.0492952
1968.59	0.0495104
1972.17	0.050422
1975.76	0.0480006
1979.34	0.0475959
1982.93	0.0467655
1986.52	0.0470376
1990.1	0.0481505
1993.69	0.0452329
1997.27	0.0470716
2000.86	0.0469767
2004.44	0.0474704
2008.03	0.0455349
2011.62	0.0470914
2015.2	0.046855
2018.79	0.0473831
2022.37	0.0475742
2025.96	0.0457193
2029.54	0.0455077
2033.13	0.0457617
2036.72	0.0454603
2040.3	0.0450537
2043.89	0.0449671
2047.47	0.0482768
2051.06	0.0446324
2054.65	0.0453684
2058.23	0.0471834
2061.82	0.0476895
2065.4	0.045972
2068.99	0.0470104
2072.57	0.0453374
2076.16	0.0463682
2079.75	0.0464656
2083.33	0.0469456
2086.92	0.0469975
2090.5	0.0435708
2094.09	0.0435772
2097.67	0.0459823
2101.26	0.0444662
2104.85	0.0464485
2108.43	0.0457185
2112.02	0.0447226
2115.6	0.045455
2119.19	0.0451845
2122.77	0.0463874
2126.36	0.0458133
2129.95	0.0472614
2133.53	0.0480452
2137.12	0.0471477
2140.7	0.0460143
2144.29	0.0462715
2147.88	0.0473443
2151.46	0.0473281
2155.05	0.0475427
2158.63	0.0476564
2162.22	0.0480534
2165.8	0.0453743
2169.39	0.0443436
2172.98	0.0457655
2176.56	0.0456424
2180.15	0.0444524
2183.73	0.044335
2187.32	0.0453295
2190.9	0.0444118
2194.49	0.0425384
2198.08	0.04248
2201.66	0.0423868
2205.25	0.0441226
2208.83	0.0430102
2212.42	0.0433771
2216	0.04328
2219.59	0.0435658
2223.18	0.0432189
2226.76	0.043482
2230.35	0.0434378
2233.93	0.0450629
2237.52	0.0447072
2241.11	0.044651
2244.69	0.0439396
2248.28	0.0461623
2251.86	0.0448209
2255.45	0.0460112
2259.03	0.0433747
2262.62	0.0440288
2266.21	0.0433165
2269.79	0.0438169
2273.38	0.043491
2276.96	0.0438914
2280.55	0.044978
2284.13	0.0440166
2287.72	0.0419994
2291.31	0.04373
2294.89	0.0427875
2298.48	0.0425434
2302.06	0.0443415
2305.65	0.0448223
2309.23	0.0436743
2312.82	0.0423869
2316.41	0.0446325
2319.99	0.0431824
2323.58	0.0430411
2327.16	0.0418525
2330.75	0.0429529
2334.34	0.0450023
2337.92	0.0441779
2341.51	0.0417748
2345.09	0.044223
2348.68	0.0443103
2352.26	0.0443135
2355.85	0.0446116
2359.44	0.0450737
2363.02	0.0454779
2366.61	0.0438621
2370.19	0.0426839
2373.78	0.0426529
2377.36	0.0430296
2380.95	0.0428311
2384.54	0.0417745
2388.12	0.0422986
2391.71	0.0422771
2395.29	0.0411987
2398.88	0.0433739
2402.46	0.0438187
2406.05	0.0439075
2409.64	0.0438769
2413.22	0.0443737
2416.81	0.0434134
2420.39	0.0457533
2423.98	0.0431457
2427.57	0.0427161
2431.15	0.0422849
2434.74	0.0440853
2438.32	0.0429619
2441.91	0.0417466
2445.49	0.0412269
2449.08	0.0437197
2452.67	0.0426707
2456.25	0.0435612
2459.84	0.045805
2463.42	0.0435591
2467.01	0.0419934
2470.59	0.0427544
2474.18	0.0448022
2477.77	0.0423865
2481.35	0.0415758
2484.94	0.0425872
2488.52	0.0425275
2492.11	0.0413372
2495.69	0.0427116
2499.28	0.0409673
2502.87	0.0415845
2506.45	0.0406309
2510.04	0.0408509
2513.62	0.0389737
2517.21	0.0401379
2520.8	0.0399334
2524.38	0.0398176
2527.97	0.0405898
2531.55	0.0403583
2535.14	0.0411191
2538.72	0.0413615
2542.31	0.0416982
2545.9	0.0419458
2549.48	0.0440555
2553.07	0.0425688
2556.65	0.044653
2560.24	0.042005
2563.82	0.0424229
2567.41	0.0441137
2571	0.0423103
2574.58	0.0434398
2578.17	0.0421846
2581.75	0.0437631
2585.34	0.0428512
2588.92	0.0423392
2592.51	0.0418671
2596.1	0.0429052
2599.68	0.0422714
2603.27	0.0425055
2606.85	0.0438114
2610.44	0.0414244
2614.03	0.0441204
2617.61	0.0453186
2621.2	0.0463778
2624.78	0.0458685
2628.37	0.0453536
2631.95	0.0421672
2635.54	0.0416498
2639.13	0.0412577
2642.71	0.0414648
2646.3	0.0421247
2649.88	0.0415676
2653.47	0.0416585
2657.05	0.0414157
2660.64	0.0440299
2664.23	0.0425093
2667.81	0.0432019
2671.4	0.0427936
2674.98	0.0416758
2678.57	0.0423387
2682.15	0.0425133
2685.74	0.0420359
2689.33	0.042298
2692.91	0.0425319
2696.5	0.0410347
2700.08	0.0425248
2703.67	0.0430045
2707.25	0.0421449
2710.84	0.0410419
2714.43	0.0414502
2718.01	0.0418176
2721.6	0.0426077
2725.18	0.0424293
2728.77	0.0420244
2732.36	0.0431342
2735.94	0.0430244
2739.53	0.0459422
2743.11	0.044987
2746.7	0.0446426
2750.28	0.0440104
2753.87	0.0435177
2757.46	0.0454203
2761.04	0.0446413
2764.63	0.0446356
2768.21	0.0414005
2771.8	0.0437873
2775.38	0.0413332
2778.97	0.0422759
2782.56	0.0440975
2786.14	0.0449008
2789.73	0.0461215
2793.31	0.0429681
2796.9	0.0442129
2800.48	0.0459035
2804.07	0.0467476
2807.66	0.0430309
2811.24	0.0427086
2814.83	0.0422584
2818.41	0.0421693
2822	0.0446038
2825.59	0.0449751
2829.17	0.0408578
2832.76	0.0431468
2836.34	0.041383
2839.93	0.0409865
2843.51	0.041495
2847.1	0.0406542
2850.69	0.0407421
2854.27	0.0422623
2857.86	0.0421384
2861.44	0.0394118
2865.03	0.0392171
2868.61	0.0407228
2872.2	0.037961
2875.79	0.0397235
2879.37	0.0386809
2882.96	0.0387111
2886.54	0.0381428
2890.13	0.0385458
2893.71	0.0389277
2897.3	0.0406314
2900.89	0.039263
2904.47	0.0379477
2908.06	0.0392267
2911.64	0.038974
2915.23	0.0395921
2918.82	0.0399828
2922.4	0.0400343
2925.99	0.0390682
2929.57	0.0400371
2933.16	0.0397869
2936.74	0.0381326
2940.33	0.0387584
2943.92	0.0391958
2947.5	0.0400468
2951.09	0.0385817
2954.67	0.0393655
2958.26	0.0382715
2961.84	0.0400432
2965.43	0.0392615
2969.02	0.0383676
2972.6	0.0366208
2976.19	0.0410745
2979.77	0.0411818
2983.36	0.038394
2986.94	0.0401237
2990.53	0.0369931
2994.12	0.0375513
2997.7	0.0380929
3001.29	0.0366794
3004.87	0.036958
3008.46	0.0359192
3012.05	0.0351805
3015.63	0.0353613
3019.22	0.037821
3022.8	0.0376641
3026.39	0.0371421
3029.97	0.0374076
3033.56	0.0366257
3037.15	0.0369322
3040.73	0.0376163
3044.32	0.0405736
3047.9	0.0416287
3051.49	0.0417762
3055.07	0.0393733
3058.66	0.039611
3062.25	0.0396851
3065.83	0.0401804
3069.42	0.0404865
3073	0.0402198
3076.59	0.0414505
3080.17	0.0387625
3083.76	0.0404036
3087.35	0.0425513
3090.93	0.0428705
3094.52	0.0413889
3098.1	0.0417319
3101.69	0.0415926
3105.28	0.0415303
3108.86	0.0406757
3112.45	0.0406002
3116.03	0.0401447
3119.62	0.0386158
3123.2	0.0387349
3126.79	0.0404476
3130.38	0.0400035
3133.96	0.039566
3137.55	0.0376212
3141.13	0.0364866
3144.72	0.0362271
3148.3	0.0368087
3151.89	0.0371431
3155.48	0.0388503
3159.06	0.0383982
3162.65	0.0402906
3166.23	0.0385831
3169.82	0.0392251
3173.4	0.0374587
3176.99	0.0401895
3180.58	0.0378242
3184.16	0.0386166
3187.75	0.0399947
3191.33	0.0394334
3194.92	0.0402845
3198.51	0.041105
3202.09	0.0401421
3205.68	0.0379935
3209.26	0.0381978
3212.85	0.0404843
3216.43	0.0390629
3220.02	0.0391014
3223.61	0.0402862
3227.19	0.037606
3230.78	0.0396397
3234.36	0.0393607
3237.95	0.037825
3241.53	0.0401323
3245.12	0.0390158
3248.71	0.0389115
3252.29	0.0372233
3255.88	0.040135
3259.46	0.0377705
3263.05	0.0401103
3266.63	0.0412844
3270.22	0.040367
3273.81	0.0398424
3277.39	0.04091
3280.98	0.0396001
3284.56	0.0413572
3288.15	0.0385464
3291.74	0.037025
3295.32	0.0367817
3298.91	0.0386784
3302.49	0.0380306
3306.08	0.0382479
3309.66	0.0386998
3313.25	0.0365414
3316.84	0.0369696
3320.42	0.0358377
3324.01	0.03716
3327.59	0.0378293
3331.18	0.037287
3334.76	0.0378263
3338.35	0.0368218
3341.94	0.037645
3345.52	0.0392225
3349.11	0.0387634
3352.69	0.0381617
3356.28	0.0373411
3359.86	0.0370828
3363.45	0.0372674
3367.04	0.0362974
3370.62	0.0372087
3374.21	0.0375989
3377.79	0.0338426
3381.38	0.0349041
3384.97	0.0359412
3388.55	0.0366428
3392.14	0.0358137
3395.72	0.0348226
3399.31	0.0360711
3402.89	0.0365373
3406.48	0.0367551
3410.07	0.0381402
3413.65	0.0353145
3417.24	0.0370642
3420.82	0.0375465
3424.41	0.036766
3427.99	0.0347516
3431.58	0.0329826
3435.17	0.0339307
3438.75	0.0320674
3442.34	0.0349735
3445.92	0.0344536
3449.51	0.0362367
3453.09	0.0359771
3456.68	0.0343513
3460.27	0.0348903
3463.85	0.0350851
3467.44	0.0360349
3471.02	0.0349663
3474.61	0.0354559
3478.2	0.0338559
3481.78	0.0347399
3485.37	0.0366017
3488.95	0.0368544
3492.54	0.0367528
3496.12	0.0377769
3499.71	0.0367392
3503.3	0.0378153
3506.88	0.0377198
3510.47	0.0350095
3514.05	0.0365345
3517.64	0.0373194
3521.22	0.037236
3524.81	0.0351408
3528.4	0.0350216
3531.98	0.0342076
3535.57	0.0328781
3539.15	0.0360413
3542.74	0.0344025
3546.32	0.0343595
3549.91	0.0340117
3553.5	0.0343299
3557.08	0.0335801
3560.67	0.0331416
3564.25	0.033791
3567.84	0.0348149
3571.43	0.0322932
3575.01	0.034156
3578.6	0.0333564
3582.18	0.0341556
3585.77	0.0331698
3589.35	0.0356027
3592.94	0.0342969
3596.53	0.0322455
3600.11	0.0337421
3603.7	0.033521
3607.28	0.0323103
3610.87	0.0321962
3614.45	0.0335298
3618.04	0.0326654
3621.63	0.0316323
3625.21	0.0315114
3628.8	0.0319459
3632.38	0.0350407
3635.97	0.033504
3639.55	0.034157
3643.14	0.0342422
3646.73	0.0333518
3650.31	0.0353907
3653.9	0.0332083
3657.48	0.0341306
3661.07	0.0339414
3664.66	0.0358435
3668.24	0.0330172
3671.83	0.0323736
3675.41	0.0310885
3679	0.0306485
3682.58	0.030442
3686.17	0.0315532
3689.76	0.032022
3693.34	0.0343925
3696.93	0.0328668
3700.51	0.0345388
3704.1	0.0343826
3707.68	0.033535
3711.27	0.0325924
3714.86	0.032605
3718.44	0.0318486
3722.03	0.0320131
3725.61	0.0316573
3729.2	0.0313892
3732.78	0.0319148
3736.37	0.033378
3739.96	0.0358732
3743.54	0.0347903
3747.13	0.0321303
3750.71	0.0314057
3754.3	0.0312542
3757.89	0.0306353
3761.47	0.0301056
3765.06	0.0310221
3768.64	0.0322596
3772.23	0.0312601
3775.81	0.0320116
3779.4	0.0319883
3782.99	0.0322994
3786.57	0.0321052
3790.16	0.0324493
3793.74	0.0319725
3797.33	0.0302907
3800.91	0.0305563
3804.5	0.0299903
3808.09	0.0308389
3811.67	0.0318885
3815.26	0.0301288
3818.84	0.032938
3822.43	0.0307862
3826.01	0.0321833
3829.6	0.0334421
3833.19	0.0323971
3836.77	0.0322889
3840.36	0.0308919
3843.94	0.0315391
3847.53	0.0300406
3851.12	0.0318935
3854.7	0.0306015
3858.29	0.0317763
3861.87	0.0335116
3865.46	0.0334117
3869.04	0.0322129
3872.63	0.0315428
3876.22	0.0320611
3879.8	0.0323118
3883.39	0.0312175
3886.97	0.0305537
3890.56	0.0308591
3894.14	0.0309024
3897.73	0.0328632
3901.32	0.0328747
3904.9	0.0303171
3908.49	0.0312498
3912.07	0.03211
3915.66	0.0321194
3919.24	0.0309026
3922.83	0.0318857
3926.42	0.0308768
3930	0.0311518
3933.59	0.03157
3937.17	0.0316748
3940.76	0.0333807
3944.35	0.0336456
3947.93	0.0307793
3951.52	0.0293247
3955.1	0.031421
3958.69	0.030513
3962.27	0.0330698
3965.86	0.0330203
3969.45	0.0338796
3973.03	0.031528
3976.62	0.0307238
3980.2	0.030927
3983.79	0.0310942
3987.37	0.0330223
3990.96	0.0328453
3994.55	0.0293422
3998.13	0.0311068
4001.72	0.0312516
4005.3	0.032844
4008.89	0.0309645
4012.47	0.0311684
4016.06	0.0304232
4019.65	0.0308875
4023.23	0.0329172
4026.82	0.0302681
4030.4	0.031516
4033.99	0.0319305
4037.57	0.0321657
4041.16	0.0320339
4044.75	0.0309323
4048.33	0.0316081
4051.92	0.0298219
4055.5	0.0300832
4059.09	0.0308291
4062.68	0.0309192
4066.26	0.0314408
4069.85	0.0286823
4073.43	0.0274492
4077.02	0.0293684
4080.6	0.0312011
4084.19	0.0299024
4087.78	0.0313489
4091.36	0.0293979
4094.95	0.0282695
4098.53	0.0304802
4102.12	0.0289502
4105.7	0.0296501
4109.29	0.0302347
4112.88	0.030334
4116.46	0.030697
4120.05	0.0301403
4123.63	0.0312234
4127.22	0.0296398
4130.8	0.0288096
4134.39	0.030881
4137.98	0.0297377
4141.56	0.028558
4145.15	0.030676
4148.73	0.0301471
4152.32	0.0313093
4155.91	0.0326236
4159.49	0.0312303
4163.08	0.0297804
4166.66	0.0307055
4170.25	0.0294983
4173.83	0.0297512
4177.42	0.0306157
4181.01	0.0286664
4184.59	0.0282161
4188.18	0.0289849
4191.76	0.0291226
4195.35	0.0311101
4198.93	0.029332
4202.52	0.0296011
4206.11	0.0272928
4209.69	0.0262107
4213.28	0.0263002
4216.86	0.0266169
4220.45	0.0263974
4224.03	0.0253312
4227.62	0.0249877
4231.21	0.0269735
4234.79	0.0256516
4238.38	0.0270776
4241.96	0.0280801
4245.55	0.0289739
4249.14	0.0298528
4252.72	0.0298026
4256.31	0.0314405
4259.89	0.0285253
4263.48	0.0260191
4267.06	0.0251111
4270.65	0.0274255
4274.24	0.0255704
4277.82	0.0257279
4281.41	0.0273537
4284.99	0.0272975
4288.58	0.0276501
4292.16	0.0260375
4295.75	0.0256191
4299.34	0.0258568
4302.92	0.0275265
4306.51	0.0261584
4310.09	0.0260632
4313.68	0.0258651
4317.26	0.027135
4320.85	0.0257518
4324.44	0.0244989
4328.02	0.0243115
4331.61	0.026028
4335.19	0.0268565
4338.78	0.0259514
4342.37	0.0275366
4345.95	0.0270376
4349.54	0.0268469
4353.12	0.0273533
4356.71	0.0253453
4360.29	0.0263992
4363.88	0.0257693
4367.47	0.0278799
4371.05	0.0277454
4374.64	0.0281094
4378.22	0.0298396
4381.81	0.0284371
4385.39	0.0271197
4388.98	0.0280231
4392.57	0.0273722
4396.15	0.0275911
4399.74	0.0273239
4403.32	0.0271927
4406.91	0.0260585
4410.49	0.0257885
4414.08	0.0282869
4417.67	0.0281249
4421.25	0.0291429
4424.84	0.028761
4428.42	0.0283179
4432.01	0.0288304
4435.6	0.0278209
4439.18	0.0260063
4442.77	0.0251616
4446.35	0.0284634
4449.94	0.0282282
4453.52	0.0278677
4457.11	0.0278993
4460.7	0.0271721
4464.28	0.0270824
4467.87	0.0268422
4471.45	0.0279131
4475.04	0.0282702
4478.62	0.0273202
4482.21	0.0274979
4485.8	0.0276869
4489.38	0.0272823
4492.97	0.0280413
4496.55	0.0283432
4500.14	0.0290605
4503.72	0.0283401
4507.31	0.0282191
4510.9	0.0290046
4514.48	0.0272599
4518.07	0.0268079
4521.65	0.0287711
4525.24	0.0278222
4528.83	0.0277936
4532.41	0.0277584
4536	0.0268893
4539.58	0.0269112
4543.17	0.0271811
4546.75	0.0284575
4550.34	0.0272749
4553.93	0.0289749
4557.51	0.0299612
4561.1	0.0295762
4564.68	0.0294444
4568.27	0.0310321
4571.85	0.0285649
4575.44	0.0290619
4579.03	0.0284432
4582.61	0.0295065
4586.2	0.0273932
4589.78	0.0272599
4593.37	0.0276569
4596.95	0.0273553
4600.54	0.0257301
4604.13	0.0276938
4607.71	0.0283325
4611.3	0.0269112
4614.88	0.0248037
4618.47	0.0258108
4622.06	0.0274702
4625.64	0.028133
4629.23	0.0301397
4632.81	0.0270024
4636.4	0.0284866
4639.98	0.0287656
4643.57	0.0279804
4647.16	0.0286041
4650.74	0.0287658
4654.33	0.0295741
4657.91	0.0283851
4661.5	0.0289812
4665.08	0.0277461
4668.67	0.0299636
4672.26	0.0292692
4675.84	0.0281481
4679.43	0.0272438
4683.01	0.0272572
4686.6	0.0271697
4690.18	0.0293835
4693.77	0.0283539
4697.36	0.0267179
4700.94	0.0267186
4704.53	0.0278205
4708.11	0.029254
4711.7	0.029388
4715.29	0.0294053
4718.87	0.0312905
4722.46	0.0275738
4726.04	0.0270883
4729.63	0.026742
4733.21	0.0258701
4736.8	0.0256003
4740.39	0.0275316
4743.97	0.0283004
4747.56	0.0286819
4751.14	0.0289824
4754.73	0.0276822
4758.31	0.028152
4761.9	0.0294528
4765.49	0.0266872
4769.07	0.0272388
4772.66	0.0277186
4776.24	0.0263864
4779.83	0.0273249
4783.41	0.0240756
4787	0.0247116
4790.59	0.0270936
4794.17	0.0261748
4797.76	0.0258762
4801.34	0.0249058
4804.93	0.0279571
4808.52	0.0258036
4812.1	0.0258564
4815.69	0.0233953
4819.27	0.0234613
4822.86	0.0230175
4826.44	0.0235024
4830.03	0.0233125
4833.62	0.0232552
4837.2	0.0236309
4840.79	0.0236686
4844.37	0.0249876
4847.96	0.0243813
4851.54	0.0253757
4855.13	0.0241146
4858.72	0.0251161
4862.3	0.0249485
4865.89	0.0269058
4869.47	0.0257039
4873.06	0.0230063
4876.64	0.0234449
4880.23	0.0231416
4883.82	0.023936
4887.4	0.0246923
4890.99	0.0236572
4894.57	0.0251206
4898.16	0.0259403
4901.75	0.0244333
4905.33	0.0244868
4908.92	0.0257337
4912.5	0.0266502
4916.09	0.0247889
4919.67	0.024167
4923.26	0.0235826
4926.85	0.0224206
4930.43	0.0228109
4934.02	0.024017
4937.6	0.0244558
4941.19	0.0258469
4944.77	0.0246488
4948.36	0.0228841
4951.95	0.0231322
4955.53	0.024343
4959.12	0.0236967
4962.7	0.0250123
4966.29	0.0257496
4969.87	0.0254852
4973.46	0.0241173
4977.05	0.0260453
4980.63	0.0252496
4984.22	0.024123
4987.8	0.0240153
4991.39	0.0233994
4994.98	0.023133
4998.56	0.0226459
5002.15	0.0238279
5005.73	0.0254651
5009.32	0.0250332
5012.9	0.0247966
5016.49	0.0243567
5020.08	0.0248585
5023.66	0.023714
5027.25	0.0250872
5030.83	0.0251197
5034.42	0.026439
5038	0.0273632
5041.59	0.0258104
5045.18	0.0252804
5048.76	0.0232747
5052.35	0.0239401
5055.93	0.0228033
5059.52	0.0218676
5063.1	0.0247009
5066.69	0.0239202
5070.28	0.0263742
5073.86	0.0241802
5077.45	0.0241514
5081.03	0.0247323
5084.62	0.0256063
5088.21	0.025634
5091.79	0.0247399
5095.38	0.0273235
5098.96	0.024041
5102.55	0.0233032
5106.13	0.0226383
5109.72	0.0235149
5113.31	0.0251725
5116.89	0.0262055
5120.48	0.0241491
5124.06	0.0235753
5127.65	0.0235656
5131.23	0.0228041
5134.82	0.0253464
5138.41	0.0245152
5141.99	0.0271251
5145.58	0.0252718
5149.16	0.0256126
5152.75	0.0241301
5156.33	0.0237044
5159.92	0.021891
5163.51	0.022735
5167.09	0.0244401
5170.68	0.0239754
5174.26	0.0262459
5177.85	0.0241459
5181.44	0.0242349
5185.02	0.0238141
5188.61	0.0240354
5192.19	0.0235937
5195.78	0.0223041
5199.36	0.0253422
5202.95	0.0234926
5206.54	0.0247893
5210.12	0.0251104
5213.71	0.0239775
5217.29	0.02446
5220.88	0.0217621
5224.46	0.0220398
5228.05	0.022914
5231.64	0.0228018
5235.22	0.0228535
5238.81	0.0211344
5242.39	0.0225058
5245.98	0.0226365
5249.56	0.0222226
5253.15	0.0225449
5256.74	0.0227494
5260.32	0.0243251
5263.91	0.0254456
5267.49	0.0235508
5271.08	0.0241348
5274.67	0.0256905
5278.25	0.0237935
5281.84	0.0258093
5285.42	0.0234306
5289.01	0.0221091
5292.59	0.0215258
5296.18	0.0234385
5299.77	0.0229032
5303.35	0.0236477
5306.94	0.0237449
5310.52	0.0232095
5314.11	0.0248504
5317.69	0.0222217
5321.28	0.0229175
5324.87	0.0238958
5328.45	0.0239317
5332.04	0.0235027
5335.62	0.0246872
5339.21	0.0238845
5342.79	0.0238316
5346.38	0.0222272
5349.97	0.0225182
5353.55	0.0233684
5357.14	0.0220685
5360.72	0.022026
5364.31	0.0216971
5367.89	0.0212337
5371.48	0.0213748
5375.07	0.0220853
5378.65	0.021638
5382.24	0.0235366
5385.82	0.0236833
5389.41	0.024484
5393	0.0245526
5396.58	0.022801
5400.17	0.0225506
5403.75	0.0214243
5407.34	0.0214353
5410.92	0.0219909
5414.51	0.022252
5418.1	0.0224624
5421.68	0.0222187
5425.27	0.0224971
5428.85	0.0219117
5432.44	0.0217569
5436.02	0.0228692
5439.61	0.0212699
5443.2	0.0197716
5446.78	0.022106
5450.37	0.0210166
5453.95	0.0214752
5457.54	0.0207363
5461.12	0.0219542
5464.71	0.021033
5468.3	0.0233301
5471.88	0.0217562
5475.47	0.0235696
5479.05	0.0254639
5482.64	0.0237714
5486.23	0.0236713
5489.81	0.0211026
5493.4	0.0222196
5496.98	0.0219806
5500.57	0.0224694
5504.15	0.0218424
5507.74	0.0225472
5511.33	0.0222107
5514.91	0.023453
5518.5	0.0249669
5522.08	0.025506
5525.67	0.0232298
5529.25	0.0231124
5532.84	0.0226871
5536.43	0.0224083
5540.01	0.0235047
5543.6	0.0215451
5547.18	0.0211788
5550.77	0.0236215
5554.35	0.0232211
5557.94	0.0236701
5561.53	0.0230936
5565.11	0.0213951
5568.7	0.0208201
5572.28	0.0212521
5575.87	0.0231209
5579.46	0.0243452
5583.04	0.0217079
5586.63	0.0230358
5590.21	0.0233656
5593.8	0.0242599
5597.38	0.0248404
5600.97	0.0238004
5604.56	0.0250802
5608.14	0.0232608
5611.73	0.0204731
5615.31	0.0214638
5618.9	0.0215623
5622.48	0.0213534
5626.07	0.0199552
5629.66	0.0201636
5633.24	0.0212313
5636.83	0.0203743
5640.41	0.021247
5644	0.0206038
5647.58	0.0203794
5651.17	0.019486
5654.76	0.020238
5658.34	0.0207649
5661.93	0.0209928
5665.51	0.0200413
5669.1	0.0220158
5672.69	0.0201816
5676.27	0.0187044
5679.86	0.0196578
5683.44	0.0193794
5687.03	0.0198744
5690.61	0.0194725
5694.2	0.021959
5697.79	0.021322
5701.37	0.0219003
5704.96	0.0219622
5708.54	0.0220858
5712.13	0.0195344
5715.71	0.0196071
5719.3	0.0199535
5722.89	0.0201669
5726.47	0.020174
5730.06	0.0202927
5733.64	0.0212685
5737.23	0.020418
5740.81	0.0209368
5744.4	0.0202488
5747.99	0.0215705
5751.57	0.0210852
5755.16	0.0203154
5758.74	0.019694
5762.33	0.0213647
5765.92	0.0190974
5769.5	0.0183796
5773.09	0.0202565
5776.67	0.0183425
5780.26	0.0167655
5783.84	0.0190322
5787.43	0.0186782
5791.02	0.0185893
5794.6	0.0171232
5798.19	0.0188306
5801.77	0.0176193
5805.36	0.0192062
5808.94	0.019787
5812.53	0.0195494
5816.12	0.0200177
5819.7	0.0213338
5823.29	0.0190177
5826.87	0.0184666
5830.46	0.018807
5834.04	0.0192534
5837.63	0.0184511
5841.22	0.0197942
5844.8	0.0193497
5848.39	0.0191272
5851.97	0.0194531
5855.56	0.0196266
5859.15	0.019357
5862.73	0.0202959
5866.32	0.0190923
5869.9	0.0188437
5873.49	0.0217714
5877.07	0.0216493
5880.66	0.0207687
5884.25	0.0188384
5887.83	0.0196981
5891.42	0.0192414
5895	0.0191924
5898.59	0.0192266
5902.17	0.0190492
5905.76	0.018077
5909.35	0.0185841
5912.93	0.0168888
5916.52	0.0180074
5920.1	0.0197607
5923.69	0.0186549
5927.27	0.0183113
5930.86	0.0173467
5934.45	0.0170145
5938.03	0.017125
5941.62	0.0169009
5945.2	0.0175604
5948.79	0.0172864
5952.38	0.0190853
5955.96	0.0185564
5959.55	0.0177404
5963.13	0.0173046
5966.72	0.017747
5970.3	0.0171179
5973.89	0.0178652
5977.48	0.0189161
5981.06	0.0191309
5984.65	0.019358
5988.23	0.019264
5991.82	0.021048
5995.4	0.0200031
5998.99	0.0195692
6002.58	0.0185284
6006.16	0.0181576
6009.75	0.0174347
6013.33	0.0185073
6016.92	0.018494
6020.5	0.0179627
6024.09	0.0188949
6027.68	0.0179138
6031.26	0.0184158
6034.85	0.0179273
6038.43	0.0183176
6042.02	0.0168965
6045.61	0.0177816
6049.19	0.0185444
6052.78	0.018006
6056.36	0.0164915
6059.95	0.0172574
6063.53	0.0176993
6067.12	0.0165825
6070.71	0.0180508
6074.29	0.0185372
6077.88	0.0183678
6081.46	0.0193211
6085.05	0.0197084
6088.63	0.0190629
6092.22	0.0208446
6095.81	0.0184736
6099.39	0.0180979
6102.98	0.0186007
6106.56	0.0180375
6110.15	0.0181847
6113.73	0.0187695
6117.32	0.0174185
6120.91	0.016778
6124.49	0.0172782
6128.08	0.0199189
6131.66	0.0194579
6135.25	0.0189749
6138.84	0.0200815
6142.42	0.0192697
6146.01	0.0203377
6149.59	0.0196741
6153.18	0.0197583
6156.76	0.0187881
6160.35	0.0179997
6163.94	0.0190175
6167.52	0.0183565
6171.11	0.020548
6174.69	0.0184457
6178.28	0.0178166
6181.86	0.0182774
6185.45	0.0171756
6189.04	0.0188236
6192.62	0.0176392
6196.21	0.017079
6199.79	0.0155837
6203.38	0.0166575
6206.96	0.016918
6210.55	0.0177136
6214.14	0.0168506
6217.72	0.016752
6221.31	0.0170585
6224.89	0.0178828
6228.48	0.0201378
6232.07	0.0177575
6235.65	0.0180933
6239.24	0.0183748
6242.82	0.0179371
6246.41	0.0187973
6249.99	0.0177468
6253.58	0.0176822
6257.17	0.0180916
6260.75	0.0176845
6264.34	0.0176522
6267.92	0.0178649
6271.51	0.0173144
6275.09	0.0158201
6278.68	0.0156082
6282.27	0.0164556
6285.85	0.0150314
6289.44	0.0168032
6293.02	0.0172232
6296.61	0.015846
6300.19	0.016085
6303.78	0.0157312
6307.37	0.0160562
6310.95	0.0161532
6314.54	0.0161773
6318.12	0.0178814
6321.71	0.0166931
6325.3	0.017908
6328.88	0.0160494
6332.47	0.0162205
6336.05	0.0155916
6339.64	0.0162664
6343.22	0.0155332
6346.81	0.0143205
6350.4	0.0151545
6353.98	0.0161813
6357.57	0.0162038
6361.15	0.0160953
6364.74	0.0152019
6368.32	0.015299
6371.91	0.0161095
6375.5	0.015642
6379.08	0.0160357
6382.67	0.0158531
6386.25	0.0153374
6389.84	0.0155835
6393.42	0.014054
6397.01	0.0152915
6400.6	0.0153982
6404.18	0.0154158
6407.77	0.0153831
6411.35	0.0148004
6414.94	0.0152837
6418.53	0.0158278
6422.11	0.0158449
6425.7	0.0143888
6429.28	0.0157043
6432.87	0.0145015
6436.45	0.0149479
6440.04	0.0144889
6443.63	0.0150978
6447.21	0.0152597
6450.8	0.0147518
6454.38	0.014318
6457.97	0.0143884
6461.55	0.0135117
6465.14	0.0149718
6468.73	0.0135824
6472.31	0.0148777
6475.9	0.0148589
6479.48	0.0156234
6483.07	0.0143289
6486.65	0.0155395
6490.24	0.0167468
6493.83	0.0169673
6497.41	0.0171288
6501	0.016553
6504.58	0.0164315
6508.17	0.0161323
6511.76	0.0170618
6515.34	0.0161343
6518.93	0.0150433
6522.51	0.0167354
6526.1	0.0171869
6529.68	0.0163944
6533.27	0.0151758
6536.86	0.0147796
6540.44	0.0160009
6544.03	0.0153562
6547.61	0.0147086
6551.2	0.0142731
6554.78	0.0146481
6558.37	0.0163267
6561.96	0.0171148
6565.54	0.0162315
6569.13	0.0165285
6572.71	0.0172145
6576.3	0.0175402
6579.88	0.0174848
6583.47	0.0166137
6587.06	0.0147425
6590.64	0.0148231
6594.23	0.0161105
6597.81	0.0159622
6601.4	0.0156139
6604.99	0.0155911
6608.57	0.0150192
6612.16	0.0137215
6615.74	0.0140133
6619.33	0.0145311
6622.91	0.0160296
6626.5	0.0152958
6630.09	0.0167956
6633.67	0.014105
6637.26	0.0145201
6640.84	0.0143171
6644.43	0.0147681
6648.01	0.0137351
6651.6	0.0136366
6655.19	0.0148797
6658.77	0.013545
6662.36	0.0134054
6665.94	0.0133482
6669.53	0.0136818
6673.11	0.0137664
6676.7	0.014494
6680.29	0.0140261
6683.87	0.014958
6687.46	0.0140655
6691.04	0.0140859
6694.63	0.0144736
6698.21	0.014767
6701.8	0.0149429
6705.39	0.0160681
6708.97	0.0156239
6712.56	0.0154675
6716.14	0.0151724
6719.73	0.016052
6723.32	0.0159357
6726.9	0.0153422
6730.49	0.0147272
6734.07	0.0151268
6737.66	0.0154179
6741.24	0.0150641
6744.83	0.0136593
6748.42	0.0139586
6752	0.0142947
6755.59	0.0145661
6759.17	0.0132535
6762.76	0.0154119
6766.34	0.0145396
6769.93	0.013397
6773.52	0.0152405
6777.1	0.0151798
6780.69	0.0139916
6784.27	0.0144762
6787.86	0.0137973
6791.44	0.0150039
6795.03	0.0151645
6798.62	0.0157028
6802.2	0.0145685
6805.79	0.0157869
6809.37	0.017615
6812.96	0.0161776
6816.55	0.0168215
6820.13	0.015841
6823.72	0.0163695
6827.3	0.0155899
6830.89	0.0154619
6834.47	0.0166486
6838.06	0.0169259
6841.65	0.0160822
6845.23	0.0158866
6848.82	0.0163875
6852.4	0.0146823
6855.99	0.0169544
6859.57	0.0166773
6863.16	0.0145854
6866.75	0.0142262
6870.33	0.0136557
6873.92	0.0136211
6877.5	0.014976
6881.09	0.0139845
6884.67	0.0154565
6888.26	0.0150368
6891.85	0.0148027
6895.43	0.0144794
6899.02	0.0149276
6902.6	0.0145638
6906.19	0.0152479
6909.78	0.0158236
6913.36	0.0135264
6916.95	0.0134298
6920.53	0.0126414
6924.12	0.0144098
6927.7	0.0128409
6931.29	0.0132241
6934.88	0.0135666
6938.46	0.0134949
6942.05	0.0130493
6945.63	0.0129657
6949.22	0.0142705
6952.8	0.012972
6956.39	0.0124212
6959.98	0.0115627
6963.56	0.0132342
6967.15	0.0142026
6970.73	0.0138237
6974.32	0.0131114
6977.9	0.0121326
6981.49	0.0121997
6985.08	0.012008
6988.66	0.0143415
6992.25	0.0154382
6995.83	0.015062
6999.42	0.0148865
7003.01	0.0138971
7006.59	0.0141868
7010.18	0.0140326
7013.76	0.0150291
7017.35	0.012603
7020.93	0.0123179
7024.52	0.0118185
7028.11	0.0115362
7031.69	0.0137181
7035.28	0.0123353
7038.86	0.0129772
7042.45	0.0117719
7046.03	0.0133601
7049.62	0.0142489
7053.21	0.0138713
7056.79	0.012879
7060.38	0.0127869
7063.96	0.0129245
7067.55	0.0130141
7071.13	0.0139162
7074.72	0.012864
7078.31	0.0121455
7081.89	0.0135786
7085.48	0.0128386
7089.06	0.0134711
7092.65	0.0128959
7096.24	0.0129277
7099.82	0.0136418
7103.41	0.0138726
7106.99	0.0142457
7110.58	0.0132294
7114.16	0.0123873
7117.75	0.0127783
7121.34	0.0125399
7124.92	0.0129582
7128.51	0.0124888
7132.09	0.0119811
7135.68	0.01176
7139.26	0.0129649
7142.85	0.0117594
7146.44	0.0123755
7150.02	0.0114126
7153.61	0.0128858
7157.19	0.012168
7160.78	0.0119238
7164.36	0.0124417
7167.95	0.0118188
7171.54	0.0119454
7175.12	0.0113804
7178.71	0.0126457
7182.29	0.0121254
7185.88	0.0126505
7189.47	0.0120844
7193.05	0.0120588
7196.64	0.0112525
7200.22	0.0111665
7203.81	0.011622
7207.39	0.011751
7210.98	0.0115466
7214.57	0.0121399
7218.15	0.0124047
7221.74	0.0132495
7225.32	0.0139359
7228.91	0.0120149
7232.49	0.0129553
7236.08	0.0122974
7239.67	0.0125751
7243.25	0.0135959
7246.84	0.0149569
7250.42	0.0140415
7254.01	0.0141486
7257.59	0.0134834
7261.18	0.0143805
7264.77	0.0141149
7268.35	0.0140883
7271.94	0.013661
7275.52	0.0127857
7279.11	0.0115481
7282.7	0.0117996
7286.28	0.0125129
7289.87	0.0121313
7293.45	0.0114812
7297.04	0.0133714
7300.62	0.0133434
7304.21	0.0117103
7307.8	0.0115678
7311.38	0.0116758
7314.97	0.0132402
7318.55	0.0127641
7322.14	0.0130965
7325.72	0.0120786
7329.31	0.0118736
7332.9	0.00999539
7336.48	0.0103249
7340.07	0.0104431
7343.65	0.0103997
7347.24	0.0103036
7350.82	0.0108658
7354.41	0.0103168
7358	0.00981439
7361.58	0.0101623
7365.17	0.0117788
7368.75	0.0111889
7372.34	0.0106174
7375.93	0.00942432
7379.51	0.0113671
7383.1	0.0112683
7386.68	0.0104593
7390.27	0.0112656
7393.85	0.00977499
7397.44	0.00998352
7401.03	0.0106911
7404.61	0.00944066
7408.2	0.0100437
7411.78	0.00996452
7415.37	0.0093345
7418.95	0.00973076
7422.54	0.00877123
7426.13	0.00905352
7429.71	0.00880209
7433.3	0.00809756
7436.88	0.00864525
7440.47	0.00855784
7444.05	0.00831558
7447.64	0.00800942
7451.23	0.0089502
7454.81	0.00885897
7458.4	0.00980419
7461.98	0.0100711
7465.57	0.0105357
7469.16	0.00985164
7472.74	0.00839926
7476.33	0.00945509
7479.91	0.00955681
7483.5	0.010366
7487.08	0.00901021
7490.67	0.0086548
7494.26	0.00827347
7497.84	0.00812838
7501.43	0.00886309
7505.01	0.00774806
7508.6	0.00831467
7512.18	0.0087982
7515.77	0.00857794
7519.36	0.00851698
7522.94	0.00842984
7526.53	0.010335
7530.11	0.00966249
7533.7	0.0105962
7537.28	0.0111902
7540.87	0.01214
7544.46	0.0102003
7548.04	0.0101189
7551.63	0.0116814
7555.21	0.0110838
7558.8	0.0089214
7562.39	0.00916822
7565.97	0.00960025
7569.56	0.00973128
7573.14	0.00839659
7576.73	0.0109294
7580.31	0.00960874
7583.9	0.00977539
7587.49	0.00948625
7591.07	0.00903556
7594.66	0.00872596
7598.24	0.00858465
7601.83	0.0097232
7605.41	0.00772157
7609	0.00907017
7612.59	0.00924743
7616.17	0.00821922
7619.76	0.0086434
7623.34	0.00848511
7626.93	0.00862889
7630.51	0.00920074
7634.1	0.00818598
7637.69	0.0087157
7641.27	0.00814612
7644.86	0.00830767
7648.44	0.00846676
7652.03	0.00859283
7655.62	0.00881151
7659.2	0.00761323
7662.79	0.00811068
7666.37	0.00728516
7669.96	0.00857211
7673.54	0.00823594
7677.13	0.00936771
7680.72	0.00831958
7684.3	0.00755237
7687.89	0.00799067
7691.47	0.00818506
7695.06	0.00815398
7698.64	0.00789802
7702.23	0.00734436
7705.82	0.00829242
7709.4	0.00857223
7712.99	0.00887465
7716.57	0.00948695
7720.16	0.00965089
7723.74	0.00885858
7727.33	0.0101204
7730.92	0.00936856
7734.5	0.00911586
7738.09	0.00884928
7741.67	0.00784888
7745.26	0.00779558
7748.85	0.00921769
7752.43	0.00937196
7756.02	0.00935463
7759.6	0.00897861
7763.19	0.00897531
7766.77	0.00813106
7770.36	0.008196
7773.95	0.0081716
7777.53	0.00942277
7781.12	0.00979115
7784.7	0.00913705
7788.29	0.00870448
7791.87	0.00965632
7795.46	0.00841209
7799.05	0.00946066
7802.63	0.00839257
7806.22	0.00816035
7809.8	0.0098532
7813.39	0.00825305
7816.97	0.0080552
7820.56	0.00788877
7824.15	0.00885034
7827.73	0.00831045
7831.32	0.00897599
7834.9	0.00907747
7838.49	0.00897573
7842.08	0.00832349
7845.66	0.00900395
7849.25	0.00893101
7852.83	0.00715797
7856.42	0.00949669
7860	0.00926629
7863.59	0.00926128
7867.18	0.00910594
7870.76	0.00910233
7874.35	0.00844919
7877.93	0.00780889
7881.52	0.008064
7885.1	0.00837687
7888.69	0.00723513
7892.28	0.00779234
7895.86	0.00777447
7899.45	0.00746691
7903.03	0.00823464
7906.62	0.00876536
7910.2	0.00861223
7913.79	0.00881098
7917.38	0.00846411
7920.96	0.00855874
7924.55	0.00879376
7928.13	0.00797442
7931.72	0.00740153
7935.31	0.00668814
7938.89	0.00712899
7942.48	0.00672504
7946.06	0.00719005
7949.65	0.0071802
7953.23	0.00769835
7956.82	0.00879135
7960.41	0.00873545
7963.99	0.00995442
7967.58	0.00793932
7971.16	0.00871029
7974.75	0.00827583
7978.33	0.00828679
7981.92	0.00769339
7985.51	0.00782746
7989.09	0.00737987
7992.68	0.00707226
7996.26	0.00749884
7999.85	0.00781978
8003.43	0.00794673
8007.02	0.00696878
8010.61	0.00745151
8014.19	0.00795277
8017.78	0.00680631
8021.36	0.00755726
8024.95	0.00723995
8028.53	0.0063307
8032.12	0.00722163
8035.71	0.00793577
8039.29	0.00732663
8042.88	0.00691305
8046.46	0.00776962
8050.05	0.0074299
8053.64	0.00747864
8057.22	0.00591258
8060.81	0.00749263
8064.39	0.00617558
8067.98	0.0072985
8071.56	0.00690539
8075.15	0.00754297
8078.74	0.00801996
8082.32	0.00718664
8085.91	0.00677412
8089.49	0.00698163
8093.08	0.00671039
8096.66	0.00727822
8100.25	0.00670539
8103.84	0.00678796
8107.42	0.00832842
8111.01	0.00810757
8114.59	0.00766069
8118.18	0.00669097
8121.76	0.00647012
8125.35	0.00596373
8128.94	0.00658718
8132.52	0.00615492
8136.11	0.00619681
8139.69	0.00626934
8143.28	0.00651233
8146.87	0.00668813
8150.45	0.00648924
8154.04	0.00652136
8157.62	0.00626659
8161.21	0.00631424
8164.79	0.00646072
8168.38	0.00705524
8171.97	0.00699999
8175.55	0.00599684
8179.14	0.00629323
8182.72	0.00623437
8186.31	0.00651028
8189.89	0.0067234
8193.48	0.00587107
8197.07	0.00590105
8200.65	0.00638462
8204.24	0.00687818
8207.82	0.00627694
8211.41	0.00571966
8214.99	0.00609637
8218.58	0.00675886
8222.17	0.00727901
8225.75	0.00674424
8229.34	0.00752842
8232.92	0.00751352
8236.51	0.00813042
8240.1	0.00736919
8243.68	0.00804351
8247.27	0.00712103
8250.85	0.00656208
8254.44	0.0073508
8258.02	0.00691501
8261.61	0.00757341
8265.2	0.00732664
8268.78	0.00696388
8272.37	0.00684471
8275.95	0.00638408
8279.54	0.00678459
8283.12	0.00794371
8286.71	0.00721762
8290.3	0.00691165
8293.88	0.00644208
8297.47	0.00648507
8301.05	0.00609827
8304.64	0.0068131
8308.22	0.00569039
8311.81	0.00573026
8315.4	0.00589087
8318.98	0.00645246
8322.57	0.00626887
8326.15	0.00639593
8329.74	0.00670832
8333.33	0.00626155
8336.91	0.00662708
8340.5	0.00559632
8344.08	0.00580501
8347.67	0.00574271
8351.25	0.0063184
8354.84	0.00570869
8358.43	0.00551179
8362.01	0.00591419
8365.6	0.00666417
8369.18	0.0072043
8372.77	0.00767208
8376.35	0.00748017
8379.94	0.00611162
8383.53	0.00751129
8387.11	0.00674367
8390.7	0.0070581
8394.28	0.0064824
8397.87	0.00768936
8401.45	0.00757463
8405.04	0.00746549
8408.63	0.00729765
8412.21	0.00738139
8415.8	0.0067851
8419.38	0.00784732
8422.97	0.00684277
8426.56	0.00684327
8430.14	0.00720397
8433.73	0.00643963
8437.31	0.00692818
8440.9	0.00651955
8444.48	0.00616354
8448.07	0.00669085
8451.66	0.00645841
8455.24	0.00677156
8458.83	0.00683686
8462.41	0.00667993
8466	0.00713715
8469.58	0.0090181
8473.17	0.00775832
8476.76	0.00781578
8480.34	0.0068566
8483.93	0.00784143
8487.51	0.0077739
8491.1	0.00765374
8494.68	0.00785269
8498.27	0.00699196
8501.86	0.00759813
8505.44	0.00951298
8509.03	0.0079623
8512.61	0.00704016
8516.2	0.00592962
8519.79	0.00559911
8523.37	0.00632959
8526.96	0.00548753
8530.54	0.00558958
8534.13	0.0058818
8537.71	0.0064487
8541.3	0.00575896
8544.89	0.0070919
8548.47	0.00638532
8552.06	0.00610761
8555.64	0.00592182
8559.23	0.0058043
8562.81	0.0053282
8566.4	0.00530401
8569.99	0.00519438
8573.57	0.00567444
8577.16	0.00623803
8580.74	0.00601706
8584.33	0.0068817
8587.91	0.00679223
8591.5	0.0067092
8595.09	0.00620972
8598.67	0.00696964
8602.26	0.00634974
8605.84	0.00647679
8609.43	0.00661101
8613.02	0.00732069
8616.6	0.0067534
8620.19	0.0061881
8623.77	0.00639906
8627.36	0.0050761
8630.94	0.00538955
8634.53	0.00576616
8638.12	0.00561784
8641.7	0.00545629
8645.29	0.00694131
8648.87	0.00565171
8652.46	0.00662422
8656.04	0.00528431
8659.63	0.00507336
8663.22	0.00579967
8666.8	0.00493339
8670.39	0.00503026
8673.97	0.00466509
8677.56	0.00461819
8681.14	0.0049318
8684.73	0.00505817
8688.32	0.00515758
8691.9	0.00496878
8695.49	0.00507082
8699.07	0.0050102
8702.66	0.00461876
8706.25	0.00496811
8709.83	0.00465576
8713.42	0.00514804
8717	0.00580342
8720.59	0.0061999
8724.17	0.00565976
8727.76	0.00608241
8731.35	0.00514882
8734.93	0.00616059
8738.52	0.00531798
8742.1	0.00503475
8745.69	0.00498534
8749.27	0.00546209
8752.86	0.00589357
8756.45	0.00634046
8760.03	0.00681601
8763.62	0.00628501
8767.2	0.00570486
8770.79	0.00524407
8774.37	0.00732995
8777.96	0.0068449
8781.55	0.00546337
8785.13	0.00710774
8788.72	0.0071394
8792.3	0.0072486
8795.89	0.00650678
8799.48	0.00646448
8803.06	0.00613896
8806.65	0.00604713
8810.23	0.00602997
8813.82	0.00548059
8817.4	0.00482006
8820.99	0.00440771
8824.58	0.00461142
8828.16	0.00591078
8831.75	0.00625894
8835.33	0.00529504
8838.92	0.00448814
8842.5	0.00464045
8846.09	0.00473336
8849.68	0.00470891
8853.26	0.00487849
8856.85	0.00462314
8860.43	0.00440073
8864.02	0.00441361
8867.6	0.00512637
8871.19	0.00573298
8874.78	0.0053953
8878.36	0.00515649
8881.95	0.00422355
8885.53	0.0038447
8889.12	0.00386337
8892.71	0.00359506
8896.29	0.00382304
8899.88	0.0041176
8903.46	0.00375651
8907.05	0.00402531
8910.63	0.00432156
8914.22	0.0042701
8917.81	0.00401976
8921.39	0.00391828
8924.98	0.00370007
8928.56	0.00399778
8932.15	0.00418128
8935.73	0.00528371
8939.32	0.00533557
8942.91	0.0049035
8946.49	0.00428789
8950.08	0.00376669
8953.66	0.00431338
8957.25	0.00352807
8960.83	0.0040068
