0 3.88658
0.618437 1.58795
1.23687 1.01091
1.85531	0.810434
2.47375	0.688048
3.09218	0.618853
3.71062	0.542084
4.32906	0.509543
4.94749	0.474779
5.56593	0.445365
6.18437	0.426944
6.8028	0.404705
7.42124	0.379444
8.03968	0.368027
8.65811	0.356777
9.27655	0.350875
9.89499	0.338711
10.5134	0.319335
11.1319	0.317908
11.7503	0.302632
12.3687	0.29657
12.9872	0.296744
13.6056	0.285699
14.224	0.281897
14.8425	0.267971
15.4609	0.253585
16.0794	0.249572
16.6978	0.242451
17.3162	0.2421
17.9347	0.234634
18.5531	0.235044
19.1715	0.220454
19.79	0.214577
20.4084	0.215324
21.0268	0.211293
21.6453	0.206998
22.2637	0.210369
22.8822	0.205825
23.5006	0.204839
24.119	0.198778
24.7375	0.196229
25.3559	0.192703
25.9743	0.195294
26.5928	0.18916
27.2112	0.18445
27.8297	0.19134
28.4481	0.192031
29.0665	0.181322
29.685	0.181133
30.3034	0.175576
30.9218	0.176567
31.5403	0.17745
32.1587	0.171559
32.7771	0.171966
33.3956	0.169584
34.014	0.170118
34.6325	0.165147
35.2509	0.165399
35.8693	0.162233
36.4878	0.161432
37.1062	0.166292
37.7246	0.157712
38.3431	0.154513
38.9615	0.153388
39.58	0.152464
40.1984	0.149122
40.8168	0.149081
41.4353	0.143672
42.0537	0.142058
42.6721	0.145942
43.2906	0.144046
43.909	0.141585
44.5274	0.140605
45.1459	0.141364
45.7643	0.14146
46.3828	0.132927
47.0012	0.136549
47.6196	0.139023
48.2381	0.133417
48.8565	0.129173
49.4749	0.129883
50.0934	0.129618
50.7118	0.130317
51.3302	0.132852
51.9487	0.126888
52.5671	0.132748
53.1856	0.133047
53.804	0.125206
54.4224	0.124594
55.0409	0.12651
55.6593	0.128355
56.2777	0.125866
56.8962	0.12767
57.5146	0.126717
58.1331	0.125693
58.7515	0.122672
59.3699	0.121484
59.9884	0.121226
60.6068	0.121335
61.2252	0.116595
61.8437	0.121738
62.4621	0.118899
63.0805	0.119902
63.699	0.113033
64.3174	0.113097
64.9359	0.111177
65.5543	0.114131
66.1727	0.113269
66.7912	0.111529
67.4096	0.11052
68.028	0.110176
68.6465	0.108672
69.2649	0.108056
69.8834	0.107074
70.5018	0.108194
71.1202	0.108366
71.7387	0.107957
72.3571	0.107135
72.9755	0.106262
73.594	0.104316
74.2124	0.106117
74.8308	0.106978
75.4493	0.109123
76.0677	0.106966
76.6862	0.106029
77.3046	0.104877
77.923	0.102115
78.5415	0.100486
79.1599	0.104467
79.7783	0.101813
80.3968	0.104142
81.0152	0.102888
81.6336	0.100456
82.2521	0.0982442
82.8705	0.100747
83.489	0.10141
84.1074	0.0969591
84.7258	0.0931521
85.3443	0.09823
85.9627	0.0935948
86.5811	0.0943869
87.1996	0.0939056
87.818	0.0990176
88.4365	0.096092
89.0549	0.094269
89.6733	0.0954312
90.2918	0.0941628
90.9102	0.0960621
91.5286	0.0939806
92.1471	0.0958777
92.7655	0.0954897
93.3839	0.0920187
94.0024	0.0943384
94.6208	0.0921395
95.2393	0.0935002
95.8577	0.0922722
96.4761	0.0924764
97.0946	0.0946758
97.713	0.0910726
98.3314	0.0895927
98.9499	0.0916841
99.5683	0.0897322
100.187	0.0865183
100.805	0.0851871
101.424	0.0905161
102.042	0.0888663
102.66	0.0863415
103.279	0.0857985
103.897	0.0854316
104.516	0.0795793
105.134	0.0833868
105.753	0.0813638
106.371	0.0849386
106.99	0.0827684
107.608	0.0843279
108.226	0.0833165
108.845	0.0799378
109.463	0.0841619
110.082	0.0842474
110.7	0.0822395
111.319	0.0847745
111.937	0.0830372
112.555	0.0852109
113.174	0.0838983
113.792	0.0855669
114.411	0.0862266
115.029	0.0868454
115.648	0.0855191
116.266	0.0855389
116.885	0.083689
117.503	0.0841712
118.121	0.086478
118.74	0.0851115
119.358	0.0799688
119.977	0.0849516
120.595	0.0834275
121.214	0.0841297
121.832	0.0819038
122.45	0.0804951
123.069	0.0785576
123.687	0.0791595
124.306	0.0816081
124.924	0.0792708
125.543	0.0808648
126.161	0.0835906
126.78	0.0807735
127.398	0.080035
128.016	0.0810342
128.635	0.0822131
129.253	0.0801036
129.872	0.0801088
130.49	0.0782147
131.109	0.0785147
131.727	0.0806358
132.345	0.0823527
132.964	0.0833326
133.582	0.0843028
134.201	0.0807518
134.819	0.0832277
135.438	0.0767624
136.056	0.0781309
136.675	0.0796235
137.293	0.0751299
137.911	0.0770101
138.53	0.0772043
139.148	0.0741539
139.767	0.0748275
140.385	0.0772482
141.004	0.0766176
141.622	0.0742425
142.24	0.0733892
142.859	0.0730432
143.477	0.0741052
144.096	0.0732385
144.714	0.0739279
145.333	0.0702649
145.951	0.0719074
146.57	0.0696854
147.188	0.0708126
147.806	0.0706459
148.425	0.071814
149.043	0.070861
149.662	0.0700769
150.28	0.072245
150.899	0.072712
151.517	0.0719519
152.135	0.0741613
152.754	0.0710861
153.372	0.0717524
153.991	0.069331
154.609	0.0705708
155.228	0.0687246
155.846	0.0681307
156.464	0.0682999
157.083	0.0677127
157.701	0.0695834
158.32	0.0687501
158.938	0.0680389
159.557	0.0702066
160.175	0.0713158
160.794	0.069605
161.412	0.0706784
162.03	0.0696661
162.649	0.0719882
163.267	0.06847
163.886	0.0677884
164.504	0.0715929
165.123	0.0729148
165.741	0.0703333
166.359	0.0654849
166.978	0.0654531
167.596	0.0654196
168.215	0.0679535
168.833	0.0681385
169.452	0.0659592
170.07	0.0685248
170.689	0.0663697
171.307	0.0653781
171.925	0.062992
172.544	0.066673
173.162	0.0666132
173.781	0.0654097
174.399	0.0690989
175.018	0.0667359
175.636	0.0651226
176.254	0.0674025
176.873	0.06504
177.491	0.0680424
178.11	0.0693108
178.728	0.0681266
179.347	0.0692094
179.965	0.0714497
180.584	0.0685006
181.202	0.0665164
181.82	0.0720125
182.439	0.0692831
183.057	0.0667119
183.676	0.0673457
184.294	0.0653403
184.913	0.0651193
185.531	0.0696848
186.149	0.0660911
186.768	0.0643574
187.386	0.0670285
188.005	0.0614364
188.623	0.0636756
189.242	0.063358
189.86	0.0606289
190.479	0.0625729
191.097	0.0624609
191.715	0.0604667
192.334	0.0622516
192.952	0.0640518
193.571	0.0657823
194.189	0.0668948
194.808	0.0652722
195.426	0.0627683
196.044	0.0616488
196.663	0.0612058
197.281	0.0635346
197.9	0.0612247
198.518	0.0622655
199.137	0.0627963
199.755	0.0621585
200.374	0.0587885
200.992	0.0598191
201.61	0.0600017
202.229	0.0583967
202.847	0.0617507
203.466	0.0607714
204.084	0.0614042
204.703	0.0609344
205.321	0.0628824
205.939	0.0583727
206.558	0.0607953
207.176	0.0656875
207.795	0.0615603
208.413	0.0602635
209.032	0.0590708
209.65	0.0598966
210.268	0.0593812
210.887	0.0622793
211.505	0.0614981
212.124	0.0632431
212.742	0.0666183
213.361	0.062162
213.979	0.0616908
214.598	0.0607256
215.216	0.0618102
215.834	0.0627489
216.453	0.0611754
217.071	0.060784
217.69	0.06052
218.308	0.0615766
218.927	0.0607322
219.545	0.0601664
220.163	0.0629932
220.782	0.060891
221.4	0.0611365
222.019	0.0583449
222.637	0.0591766
223.256	0.0603176
223.874	0.0616828
224.493	0.0592224
225.111	0.0620794
225.729	0.0595637
226.348	0.0585387
226.966	0.0604203
227.585	0.0580843
228.203	0.0588827
228.822	0.0548304
229.44	0.0571748
230.058	0.0554891
230.677	0.060902
231.295	0.0606257
231.914	0.054977
232.532	0.0579149
233.151	0.0576213
233.769	0.0577992
234.388	0.0567232
235.006	0.0571387
235.624	0.0565571
236.243	0.0606295
236.861	0.0582157
237.48	0.0592275
238.098	0.0555407
238.717	0.0600828
239.335	0.0589402
239.953	0.0573093
240.572	0.0601996
241.19	0.0544943
241.809	0.0543931
242.427	0.0537548
243.046	0.0546203
243.664	0.0534245
244.283	0.0547762
244.901	0.0531883
245.519	0.0547587
246.138	0.0555378
246.756	0.0578351
247.375	0.0566018
247.993	0.0547137
248.612	0.0550061
249.23	0.0559972
249.848	0.0571217
250.467	0.0562585
251.085	0.0588477
251.704	0.0566733
252.322	0.0571369
252.941	0.0557089
253.559	0.0582921
254.177	0.0563443
254.796	0.0567555
255.414	0.0563035
256.033	0.0577963
256.651	0.056261
257.27	0.0565093
257.888	0.0573135
258.507	0.0562657
259.125	0.0533311
259.743	0.055672
260.362	0.0540729
260.98	0.0535545
261.599	0.0522312
262.217	0.0525854
262.836	0.0505284
263.454	0.050929
264.072	0.053353
264.691	0.0555594
265.309	0.0527367
265.928	0.0537796
266.546	0.0515673
267.165	0.0542392
267.783	0.0519195
268.402	0.0527662
269.02	0.0536355
269.638	0.0527079
270.257	0.0504417
270.875	0.0499565
271.494	0.0518405
272.112	0.0502861
272.731	0.0511824
273.349	0.0507472
273.967	0.0495402
274.586	0.0510679
275.204	0.050271
275.823	0.0513508
276.441	0.0535636
277.06	0.0535446
277.678	0.0499919
278.297	0.0527182
278.915	0.0520314
279.533	0.0540106
280.152	0.054475
280.77	0.0523086
281.389	0.0516309
282.007	0.0527422
282.626	0.0535325
283.244	0.0543655
283.862	0.052277
284.481	0.0541631
285.099	0.0510817
285.718	0.053957
286.336	0.0538325
286.955	0.0534238
287.573	0.0519975
288.192	0.0511398
288.81	0.0502945
289.428	0.0506676
290.047	0.0473226
290.665	0.0516492
291.284	0.0529705
291.902	0.052247
292.521	0.0514096
293.139	0.0526324
293.757	0.0501696
294.376	0.0527765
294.994	0.0503048
295.613	0.0498625
296.231	0.0498342
296.85	0.0476594
297.468	0.0478018
298.087	0.0483475
298.705	0.0473265
299.323	0.0490045
299.942	0.0499115
300.56	0.0491185
301.179	0.0497032
301.797	0.050481
302.416	0.048396
303.034	0.0491819
303.652	0.0504595
304.271	0.0509291
304.889	0.0487688
305.508	0.0513341
306.126	0.0483295
306.745	0.0489333
307.363	0.0496478
307.981	0.0478021
308.6	0.0463173
309.218	0.0491202
309.837	0.0494798
310.455	0.0503449
311.074	0.0503513
311.692	0.0513558
312.311	0.0502432
312.929	0.0488048
313.547	0.0493623
314.166	0.0503846
314.784	0.0491317
315.403	0.04739
316.021	0.0460706
316.64	0.0468416
317.258	0.046915
317.876	0.0463951
318.495	0.0504528
319.113	0.0493803
319.732	0.0496969
320.35	0.0472223
320.969	0.0475832
321.587	0.0465875
322.206	0.046815
322.824	0.0481405
323.442	0.0473525
324.061	0.0446229
324.679	0.046421
325.298	0.0469658
325.916	0.0453654
326.535	0.0448906
327.153	0.0435954
327.771	0.046026
328.39	0.0456749
329.008	0.0455614
329.627	0.0471849
330.245	0.0470214
330.864	0.0466657
331.482	0.0459427
332.101	0.0455681
332.719	0.0495411
333.337	0.0490623
333.956	0.0462017
334.574	0.0469197
335.193	0.0448057
335.811	0.0459182
336.43	0.0445915
337.048	0.0430761
337.666	0.0442022
338.285	0.0457432
338.903	0.0425655
339.522	0.0425198
340.14	0.0422069
340.759	0.0412874
341.377	0.0437615
341.996	0.0446398
342.614	0.0445077
343.232	0.0439442
343.851	0.0445457
344.469	0.0446721
345.088	0.0479953
345.706	0.0454822
346.325	0.044123
346.943	0.0452456
347.561	0.0467713
348.18	0.0453446
348.798	0.0464777
349.417	0.0469199
350.035	0.0453574
350.654	0.0445475
351.272	0.04413
351.89	0.0465065
352.509	0.0444358
353.127	0.046465
353.746	0.0439822
354.364	0.0454537
354.983	0.0464386
355.601	0.04822
356.22	0.0440912
356.838	0.0440987
357.456	0.0441839
358.075	0.0444062
358.693	0.045254
359.312	0.0439322
359.93	0.0447247
360.549	0.0436948
361.167	0.0448371
361.785	0.0434268
362.404	0.0438351
363.022	0.044316
363.641	0.0438439
364.259	0.0434066
364.878	0.0406648
365.496	0.0429631
366.115	0.0413828
366.733	0.0402338
367.351	0.0407535
367.97	0.0405821
368.588	0.039953
369.207	0.041614
369.825	0.041057
370.444	0.0439226
371.062	0.0423069
371.68	0.0404863
372.299	0.0444564
372.917	0.0424513
373.536	0.0415307
374.154	0.0403918
374.773	0.0412201
375.391	0.0413468
376.01	0.0403205
376.628	0.0410711
377.246	0.040867
377.865	0.0451417
378.483	0.045434
379.102	0.045344
379.72	0.0420829
380.339	0.0419416
380.957	0.0398855
381.575	0.0415569
382.194	0.0428144
382.812	0.0415835
383.431	0.0414898
384.049	0.0405771
384.668	0.0424959
385.286	0.0421673
385.905	0.0410938
386.523	0.0426337
387.141	0.0414952
387.76	0.0407255
388.378	0.0436584
388.997	0.0419867
389.615	0.0393157
390.234	0.0418682
390.852	0.0442994
391.47	0.045423
392.089	0.041109
392.707	0.0443489
393.326	0.0438322
393.944	0.042617
394.563	0.0439571
395.181	0.0435566
395.8	0.0417778
396.418	0.0434149
397.036	0.0448092
397.655	0.043367
398.273	0.0432847
398.892	0.0415039
399.51	0.0404198
400.129	0.0422744
400.747	0.0408299
401.365	0.041501
401.984	0.0420492
402.602	0.0413384
403.221	0.0390945
403.839	0.0425977
404.458	0.0410374
405.076	0.0415275
405.694	0.0409237
406.313	0.0404602
406.931	0.0421111
407.55	0.0407672
408.168	0.0427366
408.787	0.0404038
409.405	0.0414465
410.024	0.0394559
410.642	0.0405746
411.26	0.0399962
411.879	0.0393087
412.497	0.0393614
413.116	0.0403009
413.734	0.0391905
414.353	0.0384429
414.971	0.0374607
415.589	0.0377879
416.208	0.0376886
416.826	0.0397535
417.445	0.0386916
418.063	0.039543
418.682	0.0391291
419.3	0.0401733
419.919	0.0399478
420.537	0.038608
421.155	0.038317
421.774	0.0369786
422.392	0.0373213
423.011	0.0386947
423.629	0.0407634
424.248	0.0393358
424.866	0.0375571
425.484	0.0359701
426.103	0.0362701
426.721	0.0380067
427.34	0.0384414
427.958	0.0384908
428.577	0.0371522
429.195	0.0395583
429.814	0.0403656
430.432	0.0380422
431.05	0.0394327
431.669	0.0381081
432.287	0.0380799
432.906	0.040289
433.524	0.0387703
434.143	0.0395465
434.761	0.0392464
435.379	0.038649
435.998	0.0377852
436.616	0.0386125
437.235	0.0408983
437.853	0.0380044
438.472	0.0394253
439.09	0.0396332
439.709	0.0395256
440.327	0.0392302
440.945	0.0411756
441.564	0.0392549
442.182	0.0395339
442.801	0.0404268
443.419	0.0376883
444.038	0.0381956
444.656	0.0365229
445.274	0.0353936
445.893	0.0394693
446.511	0.0404158
447.13	0.0381735
447.748	0.0392718
448.367	0.0373439
448.985	0.0374105
449.604	0.0411924
450.222	0.0389135
450.84	0.0366695
451.459	0.0376813
452.077	0.0361339
452.696	0.0366249
453.314	0.0364075
453.933	0.0374655
454.551	0.036789
455.169	0.0357363
455.788	0.0352954
456.406	0.0367109
457.025	0.0370366
457.643	0.0350318
458.262	0.0366933
458.88	0.0367422
459.498	0.0357746
460.117	0.036254
460.735	0.0385049
461.354	0.0369828
461.972	0.0367967
462.591	0.0366382
463.209	0.0370567
463.828	0.0385061
464.446	0.036594
465.064	0.0369643
465.683	0.0335154
466.301	0.0361555
466.92	0.0374312
467.538	0.0362096
468.157	0.0370567
468.775	0.0356723
469.393	0.0352104
470.012	0.0358676
470.63	0.0348266
471.249	0.037522
471.867	0.0354626
472.486	0.0384274
473.104	0.0358196
473.723	0.0360618
474.341	0.0343899
474.959	0.0390871
475.578	0.0385574
476.196	0.0383268
476.815	0.040471
477.433	0.0385907
478.052	0.0372565
478.67	0.0361414
479.288	0.0377175
479.907	0.0372422
480.525	0.0383361
481.144	0.0392927
481.762	0.0376857
482.381	0.0367942
482.999	0.0372061
483.618	0.0366551
484.236	0.0351823
484.854	0.0373663
485.473	0.0354226
486.091	0.0343763
486.71	0.035248
487.328	0.0365566
487.947	0.0368594
488.565	0.0362237
489.183	0.0379845
489.802	0.0368655
490.42	0.0355002
491.039	0.0337208
491.657	0.0355959
492.276	0.0347342
492.894	0.036047
493.513	0.0366834
494.131	0.0356908
494.749	0.0366547
495.368	0.0365534
495.986	0.035751
496.605	0.0365397
497.223	0.0397198
497.842	0.0377114
498.46	0.0381448
499.078	0.0364874
499.697	0.0536689
500.315	0.0370441
500.934	0.0438745
501.552	0.0425373
502.171	0.0419274
502.789	0.0412803
503.407	0.0396784
504.026	0.0419171
504.644	0.0426066
505.263	0.045865
505.881	0.0426938
506.5	0.0424108
507.118	0.0425979
507.737	0.0418879
508.355	0.0420832
508.973	0.0410689
509.592	0.0403678
510.21	0.0417621
510.829	0.0414031
511.447	0.0426427
512.066	0.0436246
512.684	0.0439513
513.302	0.0419377
513.921	0.0424419
514.539	0.0406432
515.158	0.0404215
515.776	0.0407195
516.395	0.041767
517.013	0.0421194
517.632	0.0380684
518.25	0.0395025
518.868	0.0392063
519.487	0.0407485
520.105	0.0408253
520.724	0.0394843
521.342	0.0397898
521.961	0.0419747
522.579	0.0426655
523.197	0.0396077
523.816	0.0424646
524.434	0.0395366
525.053	0.0392387
525.671	0.0407801
526.29	0.0422398
526.908	0.0417765
527.527	0.0421074
528.145	0.0409852
528.763	0.0399552
529.382	0.0414448
530	0.0409905
530.619	0.0396773
531.237	0.0396711
531.856	0.0401521
532.474	0.0398419
533.092	0.0408787
533.711	0.037986
534.329	0.0379284
534.948	0.0365181
535.566	0.0389308
536.185	0.0392765
536.803	0.0388984
537.422	0.0388926
538.04	0.0387319
538.658	0.0369691
539.277	0.0400308
539.895	0.0392317
540.514	0.0409649
541.132	0.0404452
541.751	0.039939
542.369	0.0413168
542.987	0.0411645
543.606	0.0394012
544.224	0.0402788
544.843	0.039131
545.461	0.0424448
546.08	0.0441631
546.698	0.0403581
547.317	0.0416966
547.935	0.0404922
548.553	0.0447943
549.172	0.0402574
549.79	0.0393334
550.409	0.0382198
551.027	0.0396715
551.646	0.0403294
552.264	0.0401102
552.882	0.0403407
553.501	0.0393231
554.119	0.0430143
554.738	0.0391099
555.356	0.0395862
555.975	0.0367422
556.593	0.0370946
557.211	0.0372189
557.83	0.0386972
558.448	0.0352576
559.067	0.0371233
559.685	0.036033
560.304	0.0368821
560.922	0.0359234
561.541	0.0377816
562.159	0.0364755
562.777	0.0376351
563.396	0.03593
564.014	0.0361719
564.633	0.0340301
565.251	0.0355096
565.87	0.0360531
566.488	0.0346576
567.106	0.0347015
567.725	0.0350808
568.343	0.0356297
568.962	0.0394881
569.58	0.0397432
570.199	0.0382354
570.817	0.0393156
571.436	0.0368622
572.054	0.0381633
572.672	0.0360862
573.291	0.0368114
573.909	0.0360092
574.528	0.033757
575.146	0.0378754
575.765	0.0347961
576.383	0.036422
577.001	0.0358954
577.62	0.0362682
578.238	0.0361622
578.857	0.0358777
579.475	0.0360212
580.094	0.0366712
580.712	0.0380529
581.331	0.0380402
581.949	0.0359703
582.567	0.0356781
583.186	0.0353995
583.804	0.0343969
584.423	0.0351476
585.041	0.0328701
585.66	0.0350963
586.278	0.0360369
586.896	0.0340219
587.515	0.0343001
588.133	0.0332414
588.752	0.0356929
589.37	0.0347174
589.989	0.0354961
590.607	0.0336019
591.226	0.0341056
591.844	0.0331887
592.462	0.034157
593.081	0.0355675
593.699	0.0392815
594.318	0.0351377
594.936	0.0363338
595.555	0.0345168
596.173	0.0353516
596.791	0.0353626
597.41	0.0358196
598.028	0.0318657
598.647	0.0350804
599.265	0.0336164
599.884	0.0325088
600.502	0.033356
601.121	0.0301559
601.739	0.0322783
602.357	0.0336693
602.976	0.0319433
603.594	0.0325121
604.213	0.0306018
604.831	0.0306945
605.45	0.0316148
606.068	0.0299843
606.686	0.0304744
607.305	0.0322916
607.923	0.0304008
608.542	0.030234
609.16	0.0312684
609.779	0.0307796
610.397	0.032302
611.015	0.0305264
611.634	0.0312271
612.252	0.0316271
612.871	0.0313939
613.489	0.0343791
614.108	0.0313069
614.726	0.0329349
615.345	0.0324085
615.963	0.0327033
616.581	0.0349577
617.2	0.0335043
617.818	0.0335508
618.437	0.0351055
619.055	0.0349843
619.674	0.0324664
620.292	0.0341606
620.91	0.0362644
621.529	0.037214
622.147	0.0338837
622.766	0.0349098
623.384	0.0327137
624.003	0.0333111
624.621	0.0333219
625.24	0.0323577
625.858	0.0340703
626.476	0.0355327
627.095	0.0345213
627.713	0.0349824
628.332	0.0333323
628.95	0.0347449
629.569	0.0318455
630.187	0.0318989
630.805	0.0314792
631.424	0.0326522
632.042	0.0322551
632.661	0.0343527
633.279	0.0308702
633.898	0.0325307
634.516	0.0308056
635.135	0.033558
635.753	0.0308354
636.371	0.0327643
636.99	0.0327296
637.608	0.032183
638.227	0.0315625
638.845	0.0329446
639.464	0.0298106
640.082	0.0298718
640.7	0.0312002
641.319	0.0327444
641.937	0.0318297
642.556	0.032481
643.174	0.0326297
643.793	0.0308706
644.411	0.0325887
645.03	0.0310056
645.648	0.0293248
646.266	0.0293228
646.885	0.0311842
647.503	0.0305714
648.122	0.0321708
648.74	0.0298114
649.359	0.0316273
649.977	0.031882
650.595	0.030634
651.214	0.0318268
651.832	0.030207
652.451	0.0317614
653.069	0.0306503
653.688	0.0335971
654.306	0.0321077
654.924	0.031908
655.543	0.0309054
656.161	0.0296441
656.78	0.0294974
657.398	0.030007
658.017	0.0297499
658.635	0.0298873
659.254	0.0299753
659.872	0.0305039
660.49	0.030064
661.109	0.0302875
661.727	0.0293472
662.346	0.0303784
662.964	0.0315776
663.583	0.029395
664.201	0.0296283
664.819	0.0311363
665.438	0.0297372
666.056	0.0285778
666.675	0.031033
667.293	0.0347671
667.912	0.0294452
668.53	0.0325641
669.149	0.0316488
669.767	0.0321075
670.385	0.031287
671.004	0.0321082
671.622	0.0328512
672.241	0.0336889
672.859	0.0317655
673.478	0.0332361
674.096	0.0318452
674.714	0.03364
675.333	0.0337586
675.951	0.0323775
676.57	0.0321379
677.188	0.0316825
677.807	0.0316902
678.425	0.0346854
679.044	0.0319265
679.662	0.0341982
680.28	0.0341371
680.899	0.0331093
681.517	0.0327274
682.136	0.0304786
682.754	0.0299053
683.373	0.0299367
683.991	0.0297757
684.609	0.029507
685.228	0.0299393
685.846	0.029727
686.465	0.0296046
687.083	0.0289968
687.702	0.0290346
688.32	0.0318359
688.939	0.0315879
689.557	0.0310384
690.175	0.0320477
690.794	0.0281606
691.412	0.029588
692.031	0.0310098
692.649	0.030508
693.268	0.029809
693.886	0.028006
694.504	0.027266
695.123	0.0277798
695.741	0.0287123
696.36	0.0290125
696.978	0.0291329
697.597	0.0288215
698.215	0.0263882
698.834	0.0288407
699.452	0.0280887
700.07	0.0280655
700.689	0.0315559
701.307	0.0282901
701.926	0.029209
702.544	0.0288871
703.163	0.0286177
703.781	0.0312983
704.399	0.027336
705.018	0.0286502
705.636	0.0306013
706.255	0.0295982
706.873	0.0279749
707.492	0.0278707
708.11	0.028548
708.728	0.0278777
709.347	0.0272939
709.965	0.0262328
710.584	0.0276499
711.202	0.0282339
711.821	0.0309961
712.439	0.0274248
713.058	0.0282845
713.676	0.0286264
714.294	0.026571
714.913	0.0277402
715.531	0.0310945
716.15	0.0282211
716.768	0.0311916
717.387	0.0304749
718.005	0.0285508
718.623	0.0296707
719.242	0.0300278
719.86	0.0269441
720.479	0.0286105
721.097	0.0281176
721.716	0.0299852
722.334	0.0281205
722.953	0.0280443
723.571	0.030233
724.189	0.0292306
724.808	0.0303689
725.426	0.0348645
726.045	0.0301986
726.663	0.0327736
727.282	0.0285148
727.9	0.0289263
728.518	0.0283731
729.137	0.028565
729.755	0.0280178
730.374	0.0287291
730.992	0.0289563
731.611	0.0287714
732.229	0.027649
732.848	0.0294407
733.466	0.0294835
734.084	0.0288888
734.703	0.0314071
735.321	0.0292817
735.94	0.0299458
736.558	0.0272215
737.177	0.0279677
737.795	0.0286279
738.413	0.028209
739.032	0.0272902
739.65	0.0268647
740.269	0.0296683
740.887	0.0273375
741.506	0.0288026
742.124	0.0282748
742.743	0.0285071
743.361	0.0285083
743.979	0.02868
744.598	0.027989
745.216	0.0315998
745.835	0.027159
746.453	0.0267245
747.072	0.0267285
747.69	0.027641
748.308	0.0273765
748.927	0.0274512
749.545	0.0273503
750.164	0.0254518
750.782	0.0279229
751.401	0.0268252
752.019	0.0267584
752.637	0.0278205
753.256	0.0272608
753.874	0.0281492
754.493	0.0265488
755.111	0.0263986
755.73	0.0260982
756.348	0.0273734
756.967	0.0249011
757.585	0.0282255
758.203	0.0266942
758.822	0.0264525
759.44	0.0267146
760.059	0.0271657
760.677	0.0276347
761.296	0.0276595
761.914	0.0261039
762.532	0.0268833
763.151	0.0288699
763.769	0.0289928
764.388	0.0274659
765.006	0.0271234
765.625	0.028681
766.243	0.0296784
766.862	0.0278577
767.48	0.0295999
768.098	0.0288084
768.717	0.0265612
769.335	0.028886
769.954	0.0295572
770.572	0.0257603
771.191	0.0260081
771.809	0.0291741
772.427	0.0277141
773.046	0.0253187
773.664	0.0242551
774.283	0.0248289
774.901	0.027332
775.52	0.0281253
776.138	0.0246837
776.757	0.0269003
777.375	0.0259559
777.993	0.0273325
778.612	0.0256961
779.23	0.025141
779.849	0.0255963
780.467	0.0242123
781.086	0.0252528
781.704	0.0261166
782.322	0.0278518
782.941	0.0267224
783.559	0.0226915
784.178	0.0249892
784.796	0.0235486
785.415	0.0231547
786.033	0.0248674
786.652	0.0254787
787.27	0.0263314
787.888	0.0277041
788.507	0.028767
789.125	0.0260748
789.744	0.0277651
790.362	0.0256315
790.981	0.0270967
791.599	0.0250211
792.217	0.0254867
792.836	0.0247858
793.454	0.0248952
794.073	0.0253411
794.691	0.0257657
795.31	0.0269478
795.928	0.0270828
796.547	0.0266789
797.165	0.0266169
797.783	0.0249178
798.402	0.0249857
799.02	0.0270949
799.639	0.0270789
800.257	0.0243224
800.876	0.0257919
801.494	0.0246833
802.112	0.0257392
802.731	0.0252286
803.349	0.0259854
803.968	0.025222
804.586	0.0229868
805.205	0.0237296
805.823	0.0249298
806.441	0.0238786
807.06	0.0235172
807.678	0.0233625
808.297	0.0256207
808.915	0.0250577
809.534	0.0231899
810.152	0.0234416
810.771	0.0225022
811.389	0.024335
812.007	0.0230368
812.626	0.0240904
813.244	0.02431
813.863	0.0222931
814.481	0.0214162
815.1	0.0238173
815.718	0.0254472
816.336	0.0244628
816.955	0.0211355
817.573	0.0223777
818.192	0.0223361
818.81	0.0226565
819.429	0.0212737
820.047	0.0229715
820.666	0.021882
821.284	0.0215448
821.902	0.020171
822.521	0.0216904
823.139	0.0201621
823.758	0.0214503
824.376	0.0203367
824.995	0.022716
825.613	0.0235712
826.231	0.0226545
826.85	0.023229
827.468	0.0237547
828.087	0.0238662
828.705	0.0250749
829.324	0.0245565
829.942	0.0275752
830.561	0.025552
831.179	0.0257564
831.797	0.0265576
832.416	0.0255638
833.034	0.0262247
833.653	0.0236147
834.271	0.0248063
834.89	0.0268186
835.508	0.0278112
836.126	0.026653
836.745	0.0260612
837.363	0.0235306
837.982	0.0257382
838.6	0.0244356
839.219	0.0259932
839.837	0.0254737
840.456	0.0260696
841.074	0.0238316
841.692	0.0250958
842.311	0.0240523
842.929	0.0227335
843.548	0.0222212
844.166	0.0223483
844.785	0.0217403
845.403	0.0212401
846.021	0.0212854
846.64	0.0216913
847.258	0.0222267
847.877	0.0216701
848.495	0.0217501
849.114	0.0230041
849.732	0.0233932
850.351	0.0262062
850.969	0.0220952
851.587	0.0243715
852.206	0.0227071
852.824	0.022315
853.443	0.021621
854.061	0.0227157
854.68	0.0239645
855.298	0.0233451
855.916	0.0225618
856.535	0.0227383
857.153	0.0212374
857.772	0.0220041
858.39	0.0209897
859.009	0.0227489
859.627	0.0231349
860.245	0.0225491
860.864	0.0231262
861.482	0.0253289
862.101	0.0271577
862.719	0.0225167
863.338	0.02245
863.956	0.0231009
864.575	0.0239134
865.193	0.0229401
865.811	0.022016
866.43	0.0231355
867.048	0.0221219
867.667	0.0239422
868.285	0.022334
868.904	0.021685
869.522	0.021574
870.14	0.022866
870.759	0.023413
871.377	0.0218881
871.996	0.0258824
872.614	0.0233973
873.233	0.0253816
873.851	0.023068
874.47	0.0224554
875.088	0.0214124
875.706	0.0202485
876.325	0.0219231
876.943	0.0237238
877.562	0.0199293
878.18	0.0216512
878.799	0.0236494
879.417	0.0226159
880.035	0.0192774
880.654	0.0211339
881.272	0.0220126
881.891	0.0214684
882.509	0.0231156
883.128	0.0225648
883.746	0.0233155
884.365	0.0232576
884.983	0.0220917
885.601	0.0222332
886.22	0.0218885
886.838	0.023206
887.457	0.021681
888.075	0.0211265
888.694	0.0218953
889.312	0.024298
889.93	0.0234552
890.549	0.0218008
891.167	0.0198692
891.786	0.0223043
892.404	0.0227985
893.023	0.0218212
893.641	0.0212527
894.26	0.0194886
894.878	0.0218706
895.496	0.0200598
896.115	0.0228241
896.733	0.0219416
897.352	0.0240422
897.97	0.0226642
898.589	0.0216175
899.207	0.023235
899.825	0.0217224
900.444	0.0227824
901.062	0.0228613
901.681	0.021707
902.299	0.0205465
902.918	0.0230935
903.536	0.0228999
904.154	0.0211937
904.773	0.0234839
905.391	0.021179
906.01	0.0223246
906.628	0.0232233
907.247	0.0202873
907.865	0.0207106
908.484	0.0214714
909.102	0.0213597
909.72	0.0211491
910.339	0.0234752
910.957	0.0194982
911.576	0.020057
912.194	0.021295
912.813	0.0213727
913.431	0.0214746
914.049	0.0233168
914.668	0.0211565
915.286	0.0209386
915.905	0.0208023
916.523	0.0206797
917.142	0.0222908
917.76	0.0217111
918.379	0.0193199
918.997	0.0211572
919.615	0.0187862
920.234	0.0193477
920.852	0.0178158
921.471	0.0217873
922.089	0.0196775
922.708	0.0196465
923.326	0.0202765
923.944	0.0211595
924.563	0.0204053
925.181	0.0199973
925.8	0.0201228
926.418	0.0202846
927.037	0.0194708
927.655	0.0216985
928.274	0.0212303
928.892	0.0210005
929.51	0.0218069
930.129	0.0194985
930.747	0.0194994
931.366	0.0195305
931.984	0.018931
932.603	0.0187073
933.221	0.0211077
933.839	0.0199727
934.458	0.0189647
935.076	0.0182723
935.695	0.0189106
936.313	0.0198607
936.932	0.0212069
937.55	0.0211726
938.169	0.0189685
938.787	0.0185398
939.405	0.0198541
940.024	0.016915
940.642	0.0180207
941.261	0.0217641
941.879	0.0211405
942.498	0.0186506
943.116	0.0198516
943.734	0.0204554
944.353	0.0184212
944.971	0.0203112
945.59	0.0191097
946.208	0.0194591
946.827	0.0185353
947.445	0.0194038
948.064	0.0210349
948.682	0.0236921
949.3	0.0232236
949.919	0.0204691
950.537	0.0192422
951.156	0.0212621
951.774	0.0198473
952.393	0.0236646
953.011	0.0223226
953.629	0.0194059
954.248	0.0217569
954.866	0.019878
955.485	0.0192988
956.103	0.0188268
956.722	0.0181004
957.34	0.0178916
957.958	0.0173537
958.577	0.0186581
959.195	0.0193745
959.814	0.0181559
960.432	0.0180798
961.051	0.0192088
961.669	0.0199577
962.288	0.0208614
962.906	0.0204515
963.524	0.0195098
964.143	0.0183449
964.761	0.0202584
965.38	0.0196801
965.998	0.0179618
966.617	0.020187
967.235	0.0239038
967.853	0.0237789
968.472	0.0212707
969.09	0.0198968
969.709	0.0193684
970.327	0.0170647
970.946	0.0156049
971.564	0.0160915
972.183	0.0171893
972.801	0.016582
973.419	0.0164213
974.038	0.0199949
974.656	0.0194017
975.275	0.0194692
975.893	0.0182686
976.512	0.0162303
977.13	0.0185587
977.748	0.0175762
978.367	0.0184578
978.985	0.0193916
979.604	0.0190934
980.222	0.0197717
980.841	0.0215785
981.459	0.0208793
982.078	0.0193006
982.696	0.0182369
983.314	0.0179909
983.933	0.018207
984.551	0.0202742
985.17	0.0229213
985.788	0.021266
986.407	0.0209096
987.025	0.0208885
987.643	0.0201915
988.262	0.0196954
988.88	0.0167532
989.499	0.016634
990.117	0.017464
990.736	0.0178619
991.354	0.0186508
991.973	0.0178304
992.591	0.0171651
993.209	0.0195341
993.828	0.019011
994.446	0.0184791
995.065	0.0181891
995.683	0.0190989
996.302	0.0197166
996.92	0.0191346
997.538	0.0183225
998.157	0.016683
998.775	0.0182509
999.394	0.0180847
1000.01	0.0162731
1000.63	0.0162491
1001.25	0.0179196
1001.87	0.0167726
1002.49	0.0178007
1003.1	0.0161158
1003.72	0.0167576
1004.34	0.015949
1004.96	0.015724
1005.58	0.0175276
1006.2	0.0165608
1006.81	0.0155171
1007.43	0.0154907
1008.05	0.0181945
1008.67	0.0169652
1009.29	0.0155201
1009.91	0.0149035
1010.53	0.0167319
1011.14	0.0154483
1011.76	0.0165346
1012.38	0.0155846
1013	0.0161514
1013.62	0.016063
1014.24	0.0158208
1014.85	0.0164665
1015.47	0.0173054
1016.09	0.0163539
1016.71	0.01616
1017.33	0.015628
1017.95	0.0155513
1018.57	0.015654
1019.18	0.0169397
1019.8	0.0161401
1020.42	0.0164141
1021.04	0.0184081
1021.66	0.018922
1022.28	0.0183172
1022.89	0.0170696
1023.51	0.0154984
1024.13	0.016783
1024.75	0.0156255
1025.37	0.0159645
1025.99	0.016509
1026.6	0.016811
1027.22	0.0162756
1027.84	0.0155801
1028.46	0.0155071
1029.08	0.0142066
1029.7	0.0138769
1030.32	0.0143725
1030.93	0.01643
1031.55	0.0159676
1032.17	0.0171019
1032.79	0.0167697
1033.41	0.015941
1034.03	0.0165807
1034.64	0.0158252
1035.26	0.0176409
1035.88	0.0163259
1036.5	0.0156272
1037.12	0.0166238
1037.74	0.0162625
1038.36	0.0161966
1038.97	0.0153653
1039.59	0.0146585
1040.21	0.0133066
1040.83	0.0143636
1041.45	0.0152266
1042.07	0.0148898
1042.68	0.0148005
1043.3	0.0151318
1043.92	0.014288
1044.54	0.0158736
1045.16	0.0145213
1045.78	0.0167386
1046.39	0.0159351
1047.01	0.0157196
1047.63	0.0147145
1048.25	0.0148001
1048.87	0.0163265
1049.49	0.0167009
1050.11	0.0166676
1050.72	0.0166743
1051.34	0.0143379
1051.96	0.014376
1052.58	0.014418
1053.2	0.0147763
1053.82	0.0143041
1054.43	0.0147632
1055.05	0.0131817
1055.67	0.0161116
1056.29	0.017659
1056.91	0.0166759
1057.53	0.0157267
1058.15	0.0150958
1058.76	0.0147785
1059.38	0.0139061
1060	0.014567
1060.62	0.0148824
1061.24	0.0162021
1061.86	0.0156534
1062.47	0.0182475
1063.09	0.0166696
1063.71	0.0185923
1064.33	0.0221527
1064.95	0.0180793
1065.57	0.0166624
1066.18	0.0136424
1066.8	0.0142164
1067.42	0.0135162
1068.04	0.014014
1068.66	0.0161478
1069.28	0.0141078
1069.9	0.017017
1070.51	0.0153759
1071.13	0.0173898
1071.75	0.0173048
1072.37	0.0175536
1072.99	0.0177708
1073.61	0.0174701
1074.22	0.0168865
1074.84	0.0149032
1075.46	0.0164306
1076.08	0.0152286
1076.7	0.0148437
1077.32	0.0166242
1077.94	0.0167265
1078.55	0.0154695
1079.17	0.0140522
1079.79	0.0137243
1080.41	0.0138932
1081.03	0.0143556
1081.65	0.0132254
1082.26	0.0128757
1082.88	0.0160376
1083.5	0.0157883
1084.12	0.0166317
1084.74	0.0158863
1085.36	0.0156415
1085.97	0.0149654
1086.59	0.0141614
1087.21	0.0140537
1087.83	0.0150057
1088.45	0.0146689
1089.07	0.0151135
1089.69	0.0152782
1090.3	0.014711
1090.92	0.014585
1091.54	0.0144795
1092.16	0.0153467
1092.78	0.0132116
1093.4	0.0132276
1094.01	0.0150941
1094.63	0.0144448
1095.25	0.0140997
1095.87	0.0127862
1096.49	0.013213
1097.11	0.0141094
1097.73	0.01321
1098.34	0.0155642
1098.96	0.0142085
1099.58	0.0154633
1100.2	0.0140274
1100.82	0.0156121
1101.44	0.0159085
1102.05	0.0155886
1102.67	0.015592
1103.29	0.0138129
1103.91	0.0147275
1104.53	0.0137925
1105.15	0.0155243
1105.76	0.013001
1106.38	0.0162079
1107	0.0133955
1107.62	0.0150359
1108.24	0.0144559
1108.86	0.0139148
1109.48	0.016168
1110.09	0.014058
1110.71	0.0131892
1111.33	0.0137765
1111.95	0.01453
1112.57	0.0134076
1113.19	0.0130018
1113.8	0.0127145
1114.42	0.014578
1115.04	0.0133785
1115.66	0.0143635
1116.28	0.0128454
1116.9	0.0132317
1117.52	0.0142006
1118.13	0.013334
1118.75	0.0121135
1119.37	0.0129543
1119.99	0.0135116
1120.61	0.0131934
1121.23	0.0130931
1121.84	0.0149538
1122.46	0.013097
1123.08	0.0148148
1123.7	0.0137388
1124.32	0.0155679
1124.94	0.0154602
1125.55	0.0149076
1126.17	0.0153069
1126.79	0.014797
1127.41	0.0141922
1128.03	0.0118687
1128.65	0.0138699
1129.27	0.0129818
1129.88	0.0138596
1130.5	0.0128467
1131.12	0.0125442
1131.74	0.0119565
1132.36	0.0126828
1132.98	0.0110771
1133.59	0.0122981
1134.21	0.0126729
1134.83	0.012986
1135.45	0.0111154
1136.07	0.0120743
1136.69	0.0123532
1137.31	0.011704
1137.92	0.0124252
1138.54	0.0131931
1139.16	0.0134447
1139.78	0.0133732
1140.4	0.0141543
1141.02	0.0150436
1141.63	0.014851
1142.25	0.0170848
1142.87	0.0160911
1143.49	0.0148929
1144.11	0.0154048
1144.73	0.0140913
1145.34	0.0160566
1145.96	0.0129305
1146.58	0.0129488
1147.2	0.0124427
1147.82	0.0130081
1148.44	0.0131865
1149.06	0.0124903
1149.67	0.0128159
1150.29	0.0117512
1150.91	0.0135085
1151.53	0.0121433
1152.15	0.0121674
1152.77	0.0125506
1153.38	0.0127449
1154	0.0128369
1154.62	0.0132878
1155.24	0.0126889
1155.86	0.0117613
1156.48	0.0103216
1157.1	0.0100346
1157.71	0.0113238
1158.33	0.0117419
1158.95	0.0117533
1159.57	0.0108979
1160.19	0.00988698
1160.81	0.0111252
1161.42	0.0105108
1162.04	0.0128401
1162.66	0.0112525
1163.28	0.0130984
1163.9	0.0143702
1164.52	0.0130155
1165.13	0.0108857
1165.75	0.0109085
1166.37	0.0100246
1166.99	0.0101485
1167.61	0.0108519
1168.23	0.0100586
1168.85	0.0102256
1169.46	0.0116903
1170.08	0.0122036
1170.7	0.0115324
1171.32	0.0123378
1171.94	0.011828
1172.56	0.0105759
1173.17	0.0110187
1173.79	0.0115384
1174.41	0.0109035
1175.03	0.0107515
1175.65	0.0103704
1176.27	0.011828
1176.89	0.00988183
1177.5	0.0112771
1178.12	0.0101546
1178.74	0.0101119
1179.36	0.0116755
1179.98	0.0100758
1180.6	0.0105755
1181.21	0.0108001
1181.83	0.0098995
1182.45	0.00983601
1183.07	0.0108784
1183.69	0.0102609
1184.31	0.010538
1184.92	0.0102938
1185.54	0.0112347
1186.16	0.0113425
1186.78	0.0108238
1187.4	0.0100266
1188.02	0.0101321
1188.64	0.00985091
1189.25	0.0113975
1189.87	0.00987382
1190.49	0.00993248
1191.11	0.0119024
1191.73	0.00943766
1192.35	0.0104813
1192.96	0.0109554
1193.58	0.00992889
1194.2	0.0106932
1194.82	0.011242
1195.44	0.0112234
1196.06	0.0113091
1196.68	0.011164
1197.29	0.00999013
1197.91	0.0101786
1198.53	0.00989852
1199.15	0.0109721
1199.77	0.0107976
1200.39	0.0109967
1201	0.0118325
1201.62	0.0105587
1202.24	0.00994329
1202.86	0.0108893
1203.48	0.0108234
1204.1	0.0106315
1204.71	0.010998
1205.33	0.0126699
1205.95	0.0117844
1206.57	0.0124033
1207.19	0.0118377
1207.81	0.0113343
1208.43	0.0117321
1209.04	0.0116564
1209.66	0.0116854
1210.28	0.0119989
1210.9	0.0117233
1211.52	0.0114094
1212.14	0.0105105
1212.75	0.00958632
1213.37	0.0112788
1213.99	0.0111114
1214.61	0.0110347
1215.23	0.0130938
1215.85	0.0127261
1216.47	0.00949597
1217.08	0.0104699
1217.7	0.0100808
1218.32	0.0116718
1218.94	0.00982182
1219.56	0.00888241
1220.18	0.00947167
1220.79	0.00946331
1221.41	0.00891105
1222.03	0.00896428
1222.65	0.00844446
1223.27	0.00900543
1223.89	0.0120702
1224.5	0.011809
1225.12	0.0102271
1225.74	0.0105428
1226.36	0.0112426
1226.98	0.0122072
1227.6	0.0133412
1228.22	0.0107443
1228.83	0.0114876
1229.45	0.0118295
1230.07	0.0143289
1230.69	0.0121226
1231.31	0.0116982
1231.93	0.0139275
1232.54	0.0120664
1233.16	0.0126235
1233.78	0.013925
1234.4	0.0130494
1235.02	0.0113199
1235.64	0.0124126
1236.26	0.0111738
1236.87	0.0117307
1237.49	0.0117676
1238.11	0.0124162
1238.73	0.012528
1239.35	0.0119767
1239.97	0.0126971
1240.58	0.0138697
1241.2	0.01136
1241.82	0.0124533
1242.44	0.0109381
1243.06	0.00997306
1243.68	0.011803
1244.29	0.00996587
1244.91	0.00975306
1245.53	0.00894056
1246.15	0.00927335
1246.77	0.0100529
1247.39	0.00914227
1248.01	0.00878856
1248.62	0.00960278
1249.24	0.00934185
1249.86	0.00853663
1250.48	0.00811624
1251.1	0.00849836
1251.72	0.00788942
1252.33	0.00817685
1252.95	0.0101393
1253.57	0.00891371
1254.19	0.0107061
1254.81	0.00777108
1255.43	0.00931539
1256.04	0.00883002
1256.66	0.00987637
1257.28	0.00990715
1257.9	0.0102573
1258.52	0.0120055
1259.14	0.0114057
1259.76	0.0089207
1260.37	0.00908364
1260.99	0.00983278
1261.61	0.00873089
1262.23	0.0100464
1262.85	0.0095068
1263.47	0.00996374
1264.08	0.00913203
1264.7	0.00999359
1265.32	0.00841415
1265.94	0.010059
1266.56	0.00909547
1267.18	0.00891112
1267.8	0.010682
1268.41	0.0101076
1269.03	0.0117011
1269.65	0.00988844
1270.27	0.0101021
1270.89	0.00922909
1271.51	0.00914326
1272.12	0.00894098
1272.74	0.00844815
1273.36	0.00910232
1273.98	0.0104485
1274.6	0.0101431
1275.22	0.0100118
1275.83	0.0105413
1276.45	0.0103897
1277.07	0.00934708
1277.69	0.0112046
1278.31	0.00886312
1278.93	0.00878281
1279.55	0.00892306
1280.16	0.00949437
1280.78	0.00834432
1281.4	0.0105616
1282.02	0.0090976
1282.64	0.00788088
1283.26	0.00710996
1283.87	0.00757299
1284.49	0.00733205
1285.11	0.00741454
1285.73	0.00862639
1286.35	0.011872
1286.97	0.00995529
1287.59	0.00903607
1288.2	0.0109284
1288.82	0.0108925
1289.44	0.00918327
1290.06	0.0108348
1290.68	0.010495
1291.3	0.00961141
1291.91	0.00886951
1292.53	0.00824206
1293.15	0.00862065
1293.77	0.00897644
1294.39	0.00836855
1295.01	0.0076589
1295.62	0.00913956
1296.24	0.00933399
1296.86	0.0104899
1297.48	0.00920649
1298.1	0.00910921
1298.72	0.01007
1299.34	0.00981861
1299.95	0.0106544
1300.57	0.00894008
1301.19	0.00960508
1301.81	0.00859373
1302.43	0.00862953
1303.05	0.00899986
1303.66	0.00899113
1304.28	0.00698251
1304.9	0.0078696
1305.52	0.00724867
1306.14	0.00891592
1306.76	0.0081591
1307.38	0.0107888
1307.99	0.00998269
1308.61	0.012568
1309.23	0.00916813
1309.85	0.00767016
1310.47	0.0081668
1311.09	0.00886368
1311.7	0.00948693
1312.32	0.00888713
1312.94	0.0082761
1313.56	0.00816986
1314.18	0.00890581
1314.8	0.00948211
1315.41	0.00914413
1316.03	0.00805993
1316.65	0.00845226
1317.27	0.0114788
1317.89	0.00880154
1318.51	0.00954921
1319.13	0.008814
1319.74	0.0100266
1320.36	0.00983894
1320.98	0.0107285
1321.6	0.00969547
1322.22	0.00881034
1322.84	0.00861389
1323.45	0.0100679
1324.07	0.00842215
1324.69	0.0108653
1325.31	0.00830124
1325.93	0.00849814
1326.55	0.00773407
1327.17	0.00833129
1327.78	0.00977042
1328.4	0.00804718
1329.02	0.00761228
1329.64	0.00726295
1330.26	0.006209
1330.88	0.00748475
1331.49	0.00798858
1332.11	0.0062288
1332.73	0.00652462
1333.35	0.00686194
1333.97	0.00824344
1334.59	0.00717842
1335.2	0.00837443
1335.82	0.0101538
1336.44	0.00792134
1337.06	0.00696668
1337.68	0.00774204
1338.3	0.00788215
1338.92	0.00818165
1339.53	0.00688857
1340.15	0.00841597
1340.77	0.00856525
1341.39	0.00788035
1342.01	0.00745591
1342.63	0.00963759
1343.24	0.00839159
1343.86	0.00770857
1344.48	0.00663607
1345.1	0.00703155
1345.72	0.00634494
1346.34	0.00641395
1346.96	0.00866773
1347.57	0.00675686
1348.19	0.00748005
1348.81	0.00714283
1349.43	0.00822346
1350.05	0.00704008
1350.67	0.00631931
1351.28	0.00594952
1351.9	0.00599533
1352.52	0.00597438
1353.14	0.00639157
1353.76	0.00803656
1354.38	0.00600799
1354.99	0.00722842
1355.61	0.00663128
1356.23	0.00710524
1356.85	0.00684403
1357.47	0.00699232
1358.09	0.00621622
1358.71	0.00626134
1359.32	0.00607181
1359.94	0.00688059
1360.56	0.00820506
1361.18	0.00760306
1361.8	0.00698549
1362.42	0.0075142
1363.03	0.00751322
1363.65	0.00671434
1364.27	0.00714017
1364.89	0.00689254
1365.51	0.00609358
1366.13	0.00738247
1366.75	0.00714877
1367.36	0.00852654
1367.98	0.00779086
1368.6	0.00650779
1369.22	0.00637404
1369.84	0.0066522
1370.46	0.00633712
1371.07	0.00518131
1371.69	0.00524403
1372.31	0.00502897
1372.93	0.0048995
1373.55	0.00513981
1374.17	0.00576376
1374.78	0.00549267
1375.4	0.0054383
1376.02	0.00567645
1376.64	0.00625917
1377.26	0.00580496
1377.88	0.00643942
1378.5	0.00687112
1379.11	0.00620706
1379.73	0.0059185
1380.35	0.00479557
1380.97	0.00528551
1381.59	0.00543997
1382.21	0.00592
1382.82	0.00511524
1383.44	0.00538602
1384.06	0.00548401
1384.68	0.00598841
1385.3	0.00508108
1385.92	0.00690315
1386.54	0.00584696
1387.15	0.00588802
1387.77	0.00561504
1388.39	0.00543639
1389.01	0.00604784
1389.63	0.00491725
1390.25	0.00534455
1390.86	0.00685631
1391.48	0.00663805
1392.1	0.00738813
1392.72	0.00655903
1393.34	0.00753083
1393.96	0.00589378
1394.57	0.00634107
1395.19	0.0060111
1395.81	0.00682222
1396.43	0.00661117
1397.05	0.00923186
1397.67	0.00646278
1398.29	0.00658746
1398.9	0.00695541
1399.52	0.00768785
1400.14	0.00556171
1400.76	0.00659964
1401.38	0.00581346
1402	0.00569753
1402.61	0.00578072
1403.23	0.00777824
1403.85	0.00646107
1404.47	0.00801938
1405.09	0.00820688
1405.71	0.00993674
1406.33	0.00955767
1406.94	0.0065755
1407.56	0.00679365
1408.18	0.00661227
1408.8	0.00621579
1409.42	0.00596435
1410.04	0.00707561
1410.65	0.00635869
1411.27	0.00895124
1411.89	0.00837024
1412.51	0.00657354
1413.13	0.00662313
1413.75	0.00788382
1414.36	0.00601983
1414.98	0.00591271
1415.6	0.00504007
1416.22	0.00542954
1416.84	0.00491185
1417.46	0.00429986
1418.08	0.00564912
1418.69	0.0047846
1419.31	0.00548787
1419.93	0.00567596
1420.55	0.00424113
1421.17	0.00547803
1421.79	0.00496785
1422.4	0.00446648
1423.02	0.00457454
1423.64	0.00518456
1424.26	0.00459806
1424.88	0.00477186
1425.5	0.00478149
1426.12	0.00571686
1426.73	0.00502404
1427.35	0.00536188
1427.97	0.004234
1428.59	0.00417221
1429.21	0.00421758
1429.83	0.00418142
1430.44	0.00460231
1431.06	0.00552351
1431.68	0.00523741
1432.3	0.0063348
1432.92	0.00477348
1433.54	0.00598998
1434.15	0.00521754
1434.77	0.00487172
1435.39	0.00429769
1436.01	0.00404508
1436.63	0.00497288
1437.25	0.00413767
1437.87	0.00431056
1438.48	0.00461797
1439.1	0.00428616
1439.72	0.00425576
1440.34	0.00486737
1440.96	0.00514392
1441.58	0.00528228
1442.19	0.00475071
1442.81	0.00469867
1443.43	0.00505218
1444.05	0.00451501
1444.67	0.00467167
1445.29	0.00475994
1445.91	0.00480706
1446.52	0.00485915
1447.14	0.00604122
1447.76	0.0049504
1448.38	0.00646441
1449	0.00664224
1449.62	0.00612373
1450.23	0.00687374
1450.85	0.00597609
1451.47	0.00593767
1452.09	0.00668018
1452.71	0.00538772
1453.33	0.00629527
1453.94	0.00639324
1454.56	0.00670811
1455.18	0.00641949
1455.8	0.00657956
1456.42	0.00661184
1457.04	0.00696662
1457.66	0.00541643
1458.27	0.00649562
1458.89	0.00692094
1459.51	0.00628921
1460.13	0.0071847
1460.75	0.00759959
1461.37	0.00793407
1461.98	0.00879919
1462.6	0.0096739
1463.22	0.00658887
1463.84	0.00533772
1464.46	0.00508142
1465.08	0.005363
1465.7	0.00483192
1466.31	0.00548038
1466.93	0.00451347
1467.55	0.00497709
1468.17	0.00599655
1468.79	0.00531478
1469.41	0.00427001
1470.02	0.00539498
1470.64	0.00539625
1471.26	0.00489536
1471.88	0.00764971
1472.5	0.00601101
1473.12	0.0043432
1473.73	0.00534342
1474.35	0.00506106
1474.97	0.00665526
1475.59	0.00637604
1476.21	0.00530758
1476.83	0.00521681
1477.45	0.00581736
1478.06	0.00590994
1478.68	0.00502064
1479.3	0.00526902
1479.92	0.00508349
1480.54	0.00525187
1481.16	0.00613577
1481.77	0.00527494
1482.39	0.00509332
1483.01	0.00581315
1483.63	0.00456593
1484.25	0.00549039
1484.87	0.00472613
1485.49	0.00532581
1486.1	0.00415149
1486.72	0.00414332
1487.34	0.00489148
1487.96	0.00464766
1488.58	0.00446909
1489.2	0.00606859
1489.81	0.0058186
1490.43	0.00589584
1491.05	0.00487033
1491.67	0.00621264
1492.29	0.00642028
1492.91	0.0065706
1493.52	0.00604663
1494.14	0.0043917
1494.76	0.00635237
1495.38	0.00485089
1496	0.00629947
1496.62	0.00653579
1497.24	0.00578383
1497.85	0.00474861
1498.47	0.00680599
1499.09	0.00529998
1499.71	0.00598069
1500.33	0.00302047
1500.95	0.00368448
1501.56	0.0034603
1502.18	0.00337844
1502.8	0.00336022
1503.42	0.00393399
1504.04	0.00487335
1504.66	0.00345713
1505.27	0.00594226
1505.89	0.00381198
1506.51	0.00325622
1507.13	0.00384973
1507.75	0.00379729
1508.37	0.0029489
1508.99	0.00367752
1509.6	0.00340414
1510.22	0.00336463
1510.84	0.00293586
1511.46	0.0037066
1512.08	0.00314926
1512.7	0.00318927
1513.31	0.00306965
1513.93	0.00291805
1514.55	0.00314831
1515.17	0.00321122
1515.79	0.00324436
1516.41	0.00309868
1517.03	0.00305672
1517.64	0.00256943
1518.26	0.00312654
1518.88	0.00316622
1519.5	0.00341094
1520.12	0.00290259
1520.74	0.00335985
1521.35	0.00412349
1521.97	0.00342008
1522.59	0.00311219
1523.21	0.00326577
1523.83	0.0033576
1524.45	0.00286458
1525.06	0.00298453
1525.68	0.00239957
1526.3	0.00343075
1526.92	0.00356792
1527.54	0.00341319
1528.16	0.00274732
1528.78	0.00279953
1529.39	0.00310505
1530.01	0.00276211
1530.63	0.00442497
1531.25	0.00398279
1531.87	0.00368866
1532.49	0.0048815
1533.1	0.00436223
1533.72	0.0040851
1534.34	0.00601781
1534.96	0.00566439
1535.58	0.00375566
1536.2	0.00456546
1536.82	0.00489126
1537.43	0.00467354
1538.05	0.00314258
1538.67	0.00350159
1539.29	0.0036753
1539.91	0.00314106
1540.53	0.00356544
1541.14	0.00451281
1541.76	0.00267543
1542.38	0.00315236
1543	0.00347989
1543.62	0.00239988
1544.24	0.00283379
1544.85	0.00218118
1545.47	0.0019527
