0	3.10156
2.4221	1.03156
4.84419	0.745436
7.26629	0.628566
9.68838	0.53544
12.1105	0.479435
14.5326	0.427964
16.9547	0.406656
19.3768	0.376406
21.7989	0.358902
24.221	0.337436
26.6431	0.328254
29.0651	0.312341
31.4872	0.295084
33.9093	0.286194
36.3314	0.277012
38.7535	0.275758
41.1756	0.267771
43.5977	0.251652
46.0198	0.246961
48.4419	0.236273
50.864	0.229251
53.2861	0.229307
55.7082	0.220508
58.1303	0.221043
60.5524	0.221191
62.9745	0.214188
65.3966	0.205236
67.8187	0.211306
70.2408	0.206287
72.6629	0.199632
75.085	0.19179
77.5071	0.187944
79.9292	0.187862
82.3513	0.180202
84.7733	0.184797
87.1954	0.183803
89.6175	0.179142
92.0396	0.175209
94.4617	0.176473
96.8838	0.173678
99.3059	0.171572
101.728	0.166948
104.15	0.163255
106.572	0.165946
108.994	0.16291
111.416	0.166641
113.838	0.159234
116.261	0.160494
118.683	0.161639
121.105	0.159017
123.527	0.161123
125.949	0.155458
128.371	0.152148
130.793	0.156825
133.215	0.149491
135.637	0.154537
138.059	0.150419
140.482	0.14776
142.904	0.146581
145.326	0.151954
147.748	0.146595
150.17	0.147568
152.592	0.146149
155.014	0.147344
157.436	0.142119
159.858	0.140314
162.28	0.140708
164.703	0.136804
167.125	0.134811
169.547	0.138258
171.969	0.14533
174.391	0.14023
176.813	0.136885
179.235	0.139113
181.657	0.140434
184.079	0.138968
186.501	0.136755
188.923	0.133986
191.346	0.138794
193.768	0.131575
196.19	0.131465
198.612	0.135224
201.034	0.130765
203.456	0.129131
205.878	0.128201
208.3	0.127369
210.722	0.127158
213.144	0.124801
215.567	0.130328
217.989	0.129933
220.411	0.125151
222.833	0.122322
225.255	0.11863
227.677	0.125817
230.099	0.125281
232.521	0.119794
234.943	0.118046
237.365	0.118339
239.787	0.11848
242.21	0.115618
244.632	0.118511
247.054	0.115286
249.476	0.11754
251.898	0.121505
254.32	0.122825
256.742	0.118884
259.164	0.120268
261.586	0.119908
264.008	0.116165
266.431	0.115647
268.853	0.114108
271.275	0.114025
273.697	0.113086
276.119	0.107491
278.541	0.107833
280.963	0.109642
283.385	0.112541
285.807	0.110921
288.229	0.110774
290.651	0.108828
293.074	0.108902
295.496	0.106994
297.918	0.110457
300.34	0.111846
302.762	0.116261
305.184	0.111988
307.606	0.110715
310.028	0.111728
312.45	0.109641
314.872	0.109092
317.295	0.106064
319.717	0.107872
322.139	0.105872
324.561	0.106634
326.983	0.107797
329.405	0.107518
331.827	0.108215
334.249	0.108507
336.671	0.107014
339.093	0.107774
341.515	0.103885
343.938	0.101745
346.36	0.104811
348.782	0.104571
351.204	0.103535
353.626	0.103792
356.048	0.101325
358.47	0.102747
360.892	0.106131
363.314	0.101739
365.736	0.0960743
368.159	0.0963673
370.581	0.101761
373.003	0.0995603
375.425	0.0996688
377.847	0.101913
380.269	0.10352
382.691	0.100724
385.113	0.104049
387.535	0.0998642
389.957	0.0980331
392.379	0.0960338
394.802	0.10004
397.224	0.0972596
399.646	0.0931804
402.068	0.091974
404.49	0.0960131
406.912	0.0981447
409.334	0.099342
411.756	0.0980076
414.178	0.100157
416.6	0.0977273
419.023	0.0993287
421.445	0.0943984
423.867	0.0989658
426.289	0.0950029
428.711	0.0932566
431.133	0.0988996
433.555	0.0966418
435.977	0.0961598
438.399	0.0953425
440.821	0.0941466
443.244	0.0950691
445.666	0.0941528
448.088	0.0952102
450.51	0.096739
452.932	0.0950417
455.354	0.0974644
457.776	0.0967547
460.198	0.0991145
462.62	0.0950514
465.042	0.0972154
467.464	0.0971567
469.887	0.0947547
472.309	0.09555
474.731	0.0987585
477.153	0.0975868
479.575	0.0946581
481.997	0.0958957
484.419	0.0977566
486.841	0.101135
489.263	0.0973632
491.685	0.0985234
494.108	0.0963892
496.53	0.0883225
498.952	0.121901
501.374	0.0912745
503.796	0.102713
506.218	0.10282
508.64	0.10804
511.062	0.103165
513.484	0.104967
515.906	0.106338
518.328	0.105148
520.751	0.103687
523.173	0.0991466
525.595	0.105814
528.017	0.0993752
530.439	0.106509
532.861	0.0993261
535.283	0.106455
537.705	0.103524
540.127	0.0994384
542.549	0.104288
544.972	0.0999673
547.394	0.105458
549.816	0.108092
552.238	0.108068
554.66	0.102029
557.082	0.10217
559.504	0.101378
561.926	0.102395
564.348	0.102826
566.77	0.102388
569.192	0.0990706
571.615	0.102778
574.037	0.106277
576.459	0.106236
578.881	0.103025
581.303	0.107972
583.725	0.103258
586.147	0.103342
588.569	0.105974
590.991	0.103748
593.413	0.103511
595.836	0.100971
598.258	0.098768
600.68	0.100446
603.102	0.100352
605.524	0.0958165
607.946	0.0999398
610.368	0.102666
612.79	0.10427
615.212	0.103745
617.634	0.103312
620.056	0.100627
622.479	0.099311
624.901	0.0983465
627.323	0.102096
629.745	0.100516
632.167	0.0991294
634.589	0.0981172
637.011	0.0973524
639.433	0.10304
641.855	0.0994399
644.277	0.0947272
646.7	0.0982061
649.122	0.0975865
651.544	0.102414
653.966	0.0962685
656.388	0.0954465
658.81	0.0947267
661.232	0.0957534
663.654	0.0997177
666.076	0.0953492
668.498	0.0960519
670.92	0.0978053
673.343	0.0975144
675.765	0.0966147
678.187	0.0959384
680.609	0.0936734
683.031	0.0972806
685.453	0.09665
687.875	0.0981356
690.297	0.0940512
692.719	0.0959119
695.141	0.0923316
697.564	0.0913827
699.986	0.0943213
702.408	0.0867076
704.83	0.0905917
707.252	0.0871232
709.674	0.0918088
712.096	0.0909964
714.518	0.0921563
716.94	0.0906474
719.362	0.0968892
721.785	0.0941626
724.207	0.094342
726.629	0.0908788
729.051	0.0915515
731.473	0.0862344
733.895	0.0885423
736.317	0.0918663
738.739	0.0905536
741.161	0.085039
743.583	0.0866761
746.005	0.0882095
748.428	0.0895681
750.85	0.0874985
753.272	0.0920246
755.694	0.0891867
758.116	0.0899166
760.538	0.0885659
762.96	0.0839498
765.382	0.0880216
767.804	0.0903533
770.226	0.0891378
772.649	0.087361
775.071	0.0871787
777.493	0.0906547
779.915	0.0895706
782.337	0.0888802
784.759	0.088614
787.181	0.0864275
789.603	0.084348
792.025	0.0882868
794.447	0.0868887
796.869	0.0905099
799.292	0.0949923
801.714	0.0917795
804.136	0.0924679
806.558	0.0922175
808.98	0.092793
811.402	0.0908082
813.824	0.0916997
816.246	0.0907196
818.668	0.0879459
821.09	0.0864916
823.513	0.0780896
825.935	0.0864289
828.357	0.088301
830.779	0.083845
833.201	0.0851443
835.623	0.0820368
838.045	0.0822231
840.467	0.0841523
842.889	0.0881275
845.311	0.0867373
847.733	0.0871769
850.156	0.0868623
852.578	0.0851943
855	0.0852648
857.422	0.0853274
859.844	0.0858587
862.266	0.0851049
864.688	0.0865839
867.11	0.0884638
869.532	0.0907578
871.954	0.0887574
874.377	0.087689
876.799	0.0909205
879.221	0.0924004
881.643	0.0925608
884.065	0.0886615
886.487	0.088171
888.909	0.0875305
891.331	0.0893207
893.753	0.0849638
896.175	0.0888508
898.597	0.0903102
901.02	0.0911751
903.442	0.0896685
905.864	0.0943098
908.286	0.0851866
910.708	0.0828809
913.13	0.0835868
915.552	0.0870995
917.974	0.0831536
920.396	0.0895266
922.818	0.0827585
925.241	0.0791094
927.663	0.0802232
930.085	0.077926
932.507	0.0820165
934.929	0.0827347
937.351	0.0863695
939.773	0.0844925
942.195	0.0847235
944.617	0.0833711
947.039	0.0799522
949.461	0.082045
951.884	0.0843776
954.306	0.0828163
956.728	0.083464
959.15	0.0800094
961.572	0.0788217
963.994	0.0778864
966.416	0.075997
968.838	0.0757731
971.26	0.0780311
973.682	0.0809116
976.105	0.0846201
978.527	0.0805656
980.949	0.0834682
983.371	0.0799604
985.793	0.0813074
988.215	0.0782299
990.637	0.0811472
993.059	0.0810724
995.481	0.0776178
997.903	0.0767381
1000.33	0.0780128
1002.75	0.0769586
1005.17	0.0782104
1007.59	0.0793843
1010.01	0.0794604
1012.44	0.0795686
1014.86	0.0799986
1017.28	0.0768656
1019.7	0.0751578
1022.12	0.0725522
1024.55	0.071143
1026.97	0.0715728
1029.39	0.0736642
1031.81	0.0730163
1034.23	0.0736375
1036.66	0.0738395
1039.08	0.072291
1041.5	0.0715201
1043.92	0.0714993
1046.35	0.0717411
1048.77	0.0712877
1051.19	0.0724312
1053.61	0.0747356
1056.03	0.0772855
1058.46	0.0732326
1060.88	0.077064
1063.3	0.0727722
1065.72	0.0737147
1068.14	0.0765258
1070.57	0.0784226
1072.99	0.0779112
1075.41	0.077282
1077.83	0.0785508
1080.25	0.0763806
1082.68	0.0744101
1085.1	0.0718931
1087.52	0.0721544
1089.94	0.0719582
1092.37	0.0738423
1094.79	0.0729537
1097.21	0.073908
1099.63	0.0690992
1102.05	0.0701033
1104.48	0.070415
1106.9	0.0687705
1109.32	0.0707176
1111.74	0.0694043
1114.16	0.0727754
1116.59	0.0689964
1119.01	0.0714715
1121.43	0.0716949
1123.85	0.0674044
1126.27	0.0681289
1128.7	0.0715358
1131.12	0.0688378
1133.54	0.0710025
1135.96	0.0691551
1138.38	0.074277
1140.81	0.0700291
1143.23	0.068717
1145.65	0.0685017
1148.07	0.0698511
1150.5	0.0748098
1152.92	0.0693325
1155.34	0.0679647
1157.76	0.0678216
1160.18	0.0664296
1162.61	0.0645128
1165.03	0.0663731
1167.45	0.0651531
1169.87	0.065894
1172.29	0.0619822
1174.72	0.0623304
1177.14	0.0658281
1179.56	0.0699428
1181.98	0.0670413
1184.4	0.0702307
1186.83	0.0690188
1189.25	0.0676106
1191.67	0.0715983
1194.09	0.0702198
1196.52	0.0665185
1198.94	0.0627314
1201.36	0.0651997
1203.78	0.0647008
1206.2	0.0625409
1208.63	0.0640337
1211.05	0.0649734
1213.47	0.0662317
1215.89	0.0631222
1218.31	0.0684909
1220.74	0.0695071
1223.16	0.0672728
1225.58	0.0669428
1228	0.0730325
1230.42	0.0682712
1232.85	0.0666834
1235.27	0.070639
1237.69	0.0685018
1240.11	0.0677604
1242.54	0.0654862
1244.96	0.0696387
1247.38	0.0724789
1249.8	0.0686765
1252.22	0.0673365
1254.65	0.0701407
1257.07	0.0703837
1259.49	0.067253
1261.91	0.0720756
1264.33	0.0711317
1266.76	0.0708624
1269.18	0.0693907
1271.6	0.0690338
1274.02	0.0703472
1276.44	0.0667543
1278.87	0.0667759
1281.29	0.0683766
1283.71	0.0678873
1286.13	0.0685752
1288.55	0.0724762
1290.98	0.0713286
1293.4	0.0674229
1295.82	0.0674645
1298.24	0.069804
1300.67	0.0646788
1303.09	0.0642345
1305.51	0.0634269
1307.93	0.065109
1310.35	0.0650434
1312.78	0.0682249
1315.2	0.0675203
1317.62	0.0702467
1320.04	0.0666489
1322.46	0.0699202
1324.89	0.0716777
1327.31	0.0713366
1329.73	0.0703711
1332.15	0.0665742
1334.57	0.0690865
1337	0.0647255
1339.42	0.0656411
1341.84	0.0689822
1344.26	0.064216
1346.69	0.0678948
1349.11	0.0649067
1351.53	0.0635871
1353.95	0.0637266
1356.37	0.0662546
1358.8	0.061336
1361.22	0.0638816
1363.64	0.0638763
1366.06	0.0627651
1368.48	0.0636233
1370.91	0.0681709
1373.33	0.0662142
1375.75	0.0646485
1378.17	0.0631872
1380.59	0.0686506
1383.02	0.0715177
1385.44	0.0693503
1387.86	0.0639963
1390.28	0.0654998
1392.7	0.0634564
1395.13	0.0656448
1397.55	0.0662904
1399.97	0.0642112
1402.39	0.0678042
1404.82	0.0622345
1407.24	0.0629928
1409.66	0.0655049
1412.08	0.066755
1414.5	0.0651834
1416.93	0.0641583
1419.35	0.0664557
1421.77	0.0617893
1424.19	0.0628155
1426.61	0.0672383
1429.04	0.063224
1431.46	0.0642478
1433.88	0.0633723
1436.3	0.0623049
1438.72	0.0620721
1441.15	0.062701
1443.57	0.0604993
1445.99	0.0641817
1448.41	0.0604783
1450.84	0.0619814
1453.26	0.0641764
1455.68	0.0648073
1458.1	0.0676044
1460.52	0.0639477
1462.95	0.0623853
1465.37	0.0635063
1467.79	0.0617038
1470.21	0.0646309
1472.63	0.0628027
1475.06	0.0640214
1477.48	0.063636
1479.9	0.063285
1482.32	0.0669797
1484.74	0.0669134
1487.17	0.0649236
1489.59	0.0626679
1492.01	0.0655923
1494.43	0.064735
1496.86	0.0651187
1499.28	0.0716934
1501.7	0.0481643
1504.12	0.0537784
1506.54	0.0541862
1508.97	0.053752
1511.39	0.053603
1513.81	0.0552349
1516.23	0.0541402
1518.65	0.0505356
1521.08	0.0511084
1523.5	0.0508509
1525.92	0.0547597
1528.34	0.0572991
1530.76	0.0567433
1533.19	0.0506939
1535.61	0.0518075
1538.03	0.0506367
1540.45	0.0496839
1542.87	0.0543964
1545.3	0.0491196
1547.72	0.049847
1550.14	0.0536088
1552.56	0.0546743
1554.99	0.0505267
1557.41	0.052827
1559.83	0.0528572
1562.25	0.0503529
1564.67	0.0500281
1567.1	0.0482756
1569.52	0.0518195
1571.94	0.0538791
1574.36	0.0545516
1576.78	0.0527197
1579.21	0.0480893
1581.63	0.0525418
1584.05	0.051458
1586.47	0.0517956
1588.89	0.048977
1591.32	0.0519218
1593.74	0.0514056
1596.16	0.0499916
1598.58	0.0510081
1601.01	0.0500858
1603.43	0.0530007
1605.85	0.0494803
1608.27	0.0508824
1610.69	0.052772
1613.12	0.0515367
1615.54	0.0512597
1617.96	0.0546587
1620.38	0.0517783
1622.8	0.0529602
1625.23	0.0515612
1627.65	0.0483215
1630.07	0.0499647
1632.49	0.0512792
1634.91	0.0493082
1637.34	0.0481065
1639.76	0.0494611
1642.18	0.0544358
1644.6	0.0553927
1647.03	0.0551129
1649.45	0.0550182
1651.87	0.0536316
1654.29	0.0540899
1656.71	0.0548089
1659.14	0.056995
1661.56	0.0554639
1663.98	0.0572317
1666.4	0.0563016
1668.82	0.0558042
1671.25	0.0547792
1673.67	0.0541336
1676.09	0.0520376
1678.51	0.055395
1680.93	0.0546318
1683.36	0.0565252
1685.78	0.0566256
1688.2	0.0545787
1690.62	0.0537791
1693.04	0.0554856
1695.47	0.0555893
1697.89	0.0585907
1700.31	0.0549857
1702.73	0.0540823
1705.16	0.0534954
1707.58	0.0542579
1710	0.0551154
1712.42	0.0495963
1714.84	0.0522472
1717.27	0.0534415
1719.69	0.052458
1722.11	0.0503715
1724.53	0.0537327
1726.95	0.0568808
1729.38	0.0545788
1731.8	0.0532653
1734.22	0.0500536
1736.64	0.0541514
1739.06	0.0504831
1741.49	0.0502713
1743.91	0.0486686
1746.33	0.0473693
1748.75	0.046199
1751.18	0.0470942
1753.6	0.0487509
1756.02	0.0484325
1758.44	0.0498735
1760.86	0.0520204
1763.29	0.0500887
1765.71	0.0461434
1768.13	0.0483334
1770.55	0.0481916
1772.97	0.0493339
1775.4	0.055365
1777.82	0.0532196
1780.24	0.0512643
1782.66	0.0498759
1785.08	0.0506679
1787.51	0.0429097
1789.93	0.046262
1792.35	0.047438
1794.77	0.0450658
1797.19	0.0485504
1799.62	0.049662
1802.04	0.0465559
1804.46	0.0466712
1806.88	0.0474498
1809.31	0.0476389
1811.73	0.049558
1814.15	0.0491988
1816.57	0.0469979
1818.99	0.0485703
1821.42	0.0478176
1823.84	0.0463848
1826.26	0.0467205
1828.68	0.0460653
1831.1	0.0500817
1833.53	0.0492704
1835.95	0.0466295
1838.37	0.0466304
1840.79	0.0483928
1843.21	0.0486773
1845.64	0.0491336
1848.06	0.0483575
1850.48	0.0500943
1852.9	0.0470092
1855.33	0.0497209
1857.75	0.0484863
1860.17	0.0493901
1862.59	0.047195
1865.01	0.0534821
1867.44	0.054153
1869.86	0.0499472
1872.28	0.0495909
1874.7	0.0483361
1877.12	0.04912
1879.55	0.0455073
1881.97	0.0459068
1884.39	0.0485477
1886.81	0.0476797
1889.23	0.0509727
1891.66	0.0546844
1894.08	0.0572113
1896.5	0.049868
1898.92	0.0510083
1901.35	0.0483648
1903.77	0.0475327
1906.19	0.0501883
1908.61	0.0480203
1911.03	0.0552541
1913.46	0.052257
1915.88	0.0501064
1918.3	0.0457384
1920.72	0.0463281
1923.14	0.0462901
1925.57	0.0462399
1927.99	0.0454773
1930.41	0.0456764
1932.83	0.0473873
1935.25	0.0480341
1937.68	0.0461949
1940.1	0.0495484
1942.52	0.0479934
1944.94	0.0458073
1947.36	0.046673
1949.79	0.048788
1952.21	0.0458327
1954.63	0.0454898
1957.05	0.0436953
1959.48	0.0462577
1961.9	0.042907
1964.32	0.0420527
1966.74	0.041005
1969.16	0.0430332
1971.59	0.0419368
1974.01	0.044599
1976.43	0.0423728
1978.85	0.0427837
1981.27	0.0429993
1983.7	0.0451763
1986.12	0.0460109
1988.54	0.0440243
1990.96	0.0443233
1993.38	0.043153
1995.81	0.0438788
1998.23	0.040691
2000.65	0.0389565
2003.07	0.0411053
2005.5	0.0445273
2007.92	0.0427175
2010.34	0.044992
2012.76	0.0438051
2015.18	0.045234
2017.61	0.0447372
2020.03	0.0415651
2022.45	0.0421755
2024.87	0.0393568
2027.29	0.0402879
2029.72	0.0411286
2032.14	0.0422945
2034.56	0.0411163
2036.98	0.0426449
2039.4	0.0402908
2041.83	0.0433274
2044.25	0.0409447
2046.67	0.0404172
2049.09	0.0414182
2051.52	0.0436046
2053.94	0.0447398
2056.36	0.0424507
2058.78	0.0439599
2061.2	0.0387224
2063.63	0.0383074
2066.05	0.0418719
2068.47	0.0439532
2070.89	0.0389769
2073.31	0.0398734
2075.74	0.0431562
2078.16	0.0420905
2080.58	0.0446789
2083	0.0458199
2085.42	0.0419801
2087.85	0.0431267
2090.27	0.042103
2092.69	0.0459742
2095.11	0.0434467
2097.53	0.041393
2099.96	0.042912
2102.38	0.0405386
2104.8	0.0421583
2107.22	0.042049
2109.65	0.0447301
2112.07	0.0454373
2114.49	0.0460874
2116.91	0.0493863
2119.33	0.0465065
2121.76	0.0464046
2124.18	0.0487265
2126.6	0.0500316
2129.02	0.0467021
2131.44	0.048583
2133.87	0.0454469
2136.29	0.0470997
2138.71	0.0498229
2141.13	0.0450693
2143.55	0.045244
2145.98	0.0473488
2148.4	0.0456623
2150.82	0.0439049
2153.24	0.0488241
2155.67	0.0480657
2158.09	0.0464136
2160.51	0.045904
2162.93	0.0489233
2165.35	0.0461076
2167.78	0.0425984
2170.2	0.0424377
2172.62	0.0438005
2175.04	0.0429715
2177.46	0.0423429
2179.89	0.0435565
2182.31	0.047389
2184.73	0.0467333
2187.15	0.0451556
2189.57	0.0448445
2192	0.043185
2194.42	0.0426473
2196.84	0.0418162
2199.26	0.0474144
2201.68	0.0465525
2204.11	0.0435856
2206.53	0.0418873
2208.95	0.0393893
2211.37	0.0407269
2213.8	0.0417803
2216.22	0.0423069
2218.64	0.043844
2221.06	0.0436397
2223.48	0.0425727
2225.91	0.0411329
2228.33	0.0403054
2230.75	0.039709
2233.17	0.0388385
2235.59	0.0399515
2238.02	0.0388687
2240.44	0.0388473
2242.86	0.0406494
2245.28	0.0387084
2247.7	0.0385206
2250.13	0.0382944
2252.55	0.0389007
2254.97	0.0406593
2257.39	0.0374838
2259.82	0.0414341
2262.24	0.0420304
2264.66	0.0414293
2267.08	0.0409008
2269.5	0.0388493
2271.93	0.0397585
2274.35	0.0386523
2276.77	0.0384285
2279.19	0.039125
2281.61	0.0403809
2284.04	0.0388396
2286.46	0.0376091
2288.88	0.0392918
2291.3	0.0395443
2293.72	0.0406796
2296.15	0.0415081
2298.57	0.0396486
2300.99	0.0371607
2303.41	0.0390865
2305.84	0.0385681
2308.26	0.0411302
2310.68	0.0369513
2313.1	0.0365301
2315.52	0.0363093
2317.95	0.0395448
2320.37	0.0411734
2322.79	0.0421074
2325.21	0.0395527
2327.63	0.0377641
2330.06	0.0416226
2332.48	0.0382194
2334.9	0.040732
2337.32	0.0398932
2339.74	0.0422615
2342.17	0.037018
2344.59	0.0386813
2347.01	0.0387638
2349.43	0.0421206
2351.85	0.0411685
2354.28	0.0414944
2356.7	0.037441
2359.12	0.0376489
2361.54	0.0344486
2363.97	0.0348838
2366.39	0.0366393
2368.81	0.0376906
2371.23	0.0383193
2373.65	0.0362951
2376.08	0.0353791
2378.5	0.0379416
2380.92	0.0378138
2383.34	0.0370671
2385.76	0.0350555
2388.19	0.034111
2390.61	0.0333329
2393.03	0.0314571
2395.45	0.0305728
2397.87	0.031995
2400.3	0.0363734
2402.72	0.0355889
2405.14	0.0357496
2407.56	0.0321444
2409.99	0.0333092
2412.41	0.0326054
2414.83	0.031823
2417.25	0.0320131
2419.67	0.0331274
2422.1	0.0341784
2424.52	0.0330622
2426.94	0.0330581
2429.36	0.0363207
2431.78	0.0359955
2434.21	0.036291
2436.63	0.0389262
2439.05	0.0350607
2441.47	0.0338698
2443.89	0.0348108
2446.32	0.034579
2448.74	0.0327871
2451.16	0.0336118
2453.58	0.0330569
2456	0.0358584
2458.43	0.0333091
2460.85	0.0386998
2463.27	0.0323023
2465.69	0.0309168
2468.12	0.0307567
2470.54	0.0314319
2472.96	0.032125
2475.38	0.0286867
2477.8	0.0315287
2480.23	0.0299759
2482.65	0.0294788
2485.07	0.0294238
2487.49	0.0318752
2489.91	0.030093
2492.34	0.0311996
2494.76	0.0280441
2497.18	0.0318322
2499.6	0.0315816
2502.02	0.03122
2504.45	0.0301846
2506.87	0.0322168
2509.29	0.0313527
2511.71	0.0288283
2514.14	0.030265
2516.56	0.0300607
2518.98	0.0296297
2521.4	0.0309479
2523.82	0.0298092
2526.25	0.0324927
2528.67	0.0302883
2531.09	0.0296674
2533.51	0.0295917
2535.93	0.0303226
2538.36	0.0340276
2540.78	0.035176
2543.2	0.0343812
2545.62	0.0309495
2548.04	0.0335491
2550.47	0.0306034
2552.89	0.0321789
2555.31	0.0338103
2557.73	0.0292965
2560.16	0.0321391
2562.58	0.0293277
2565	0.0309904
2567.42	0.0289631
2569.84	0.0311413
2572.27	0.0322126
2574.69	0.0306462
2577.11	0.0302218
2579.53	0.0291507
2581.95	0.0323934
2584.38	0.0326027
2586.8	0.0309572
2589.22	0.0327806
2591.64	0.0312718
2594.06	0.030616
2596.49	0.0313358
2598.91	0.0290199
2601.33	0.0292397
2603.75	0.0319587
2606.17	0.0316062
2608.6	0.0328624
2611.02	0.0340934
2613.44	0.0352526
2615.86	0.0339715
2618.29	0.0324972
2620.71	0.0298501
2623.13	0.0288556
2625.55	0.0305377
2627.97	0.0291834
2630.4	0.0276049
2632.82	0.0300742
2635.24	0.0308625
2637.66	0.0291766
2640.08	0.0314577
2642.51	0.029076
2644.93	0.0293023
2647.35	0.0328899
2649.77	0.0328575
2652.19	0.0339193
2654.62	0.0306302
2657.04	0.0309113
2659.46	0.0319626
2661.88	0.0331556
2664.31	0.0307672
2666.73	0.0294879
2669.15	0.0257058
2671.57	0.0274711
2673.99	0.0263843
2676.42	0.0279094
2678.84	0.0278866
2681.26	0.0299312
2683.68	0.0294402
2686.1	0.0314897
2688.53	0.0292438
2690.95	0.0273189
2693.37	0.0282596
2695.79	0.0281794
2698.21	0.0295114
2700.64	0.0263404
2703.06	0.0288287
2705.48	0.0302549
2707.9	0.0276097
2710.33	0.0300054
2712.75	0.0291537
2715.17	0.0302355
2717.59	0.0327498
2720.01	0.0297812
2722.44	0.0311652
2724.86	0.0307259
2727.28	0.0360802
2729.7	0.0357877
2732.12	0.0347952
2734.55	0.0351802
2736.97	0.0317838
2739.39	0.030772
2741.81	0.0297086
2744.23	0.0297724
2746.66	0.0292316
2749.08	0.0315476
2751.5	0.0310355
2753.92	0.0320947
2756.34	0.0344731
2758.77	0.0312895
2761.19	0.031541
2763.61	0.0311402
2766.03	0.0332083
2768.46	0.0295397
2770.88	0.0286496
2773.3	0.0286026
2775.72	0.0330854
2778.14	0.0318868
2780.57	0.0325054
2782.99	0.0285926
2785.41	0.0299963
2787.83	0.02797
2790.25	0.0279614
2792.68	0.0257962
2795.1	0.0288412
2797.52	0.029305
2799.94	0.0240324
2802.36	0.0258434
2804.79	0.025028
2807.21	0.0224235
2809.63	0.0261402
2812.05	0.025733
2814.48	0.0233771
2816.9	0.0245718
2819.32	0.0231342
2821.74	0.0243072
2824.16	0.023917
2826.59	0.0258891
2829.01	0.0239217
2831.43	0.0279508
2833.85	0.0228562
2836.27	0.0229367
2838.7	0.0233718
2841.12	0.0228054
2843.54	0.0236291
2845.96	0.02338
2848.38	0.0248256
2850.81	0.0242628
2853.23	0.0267206
2855.65	0.0268254
2858.07	0.028122
2860.49	0.0269187
2862.92	0.0250769
2865.34	0.0284606
2867.76	0.0276797
2870.18	0.0269399
2872.61	0.0273513
2875.03	0.0277438
2877.45	0.0251188
2879.87	0.0246075
2882.29	0.0222962
2884.72	0.0238957
2887.14	0.023951
2889.56	0.0247774
2891.98	0.0223477
2894.4	0.0217281
2896.83	0.0213616
2899.25	0.0202349
2901.67	0.022162
2904.09	0.0193295
2906.51	0.0187313
2908.94	0.0214921
2911.36	0.0200062
2913.78	0.0218233
2916.2	0.0219111
2918.63	0.0214862
2921.05	0.0206719
2923.47	0.0212027
2925.89	0.0210449
2928.31	0.0210238
2930.74	0.0212529
2933.16	0.0207461
2935.58	0.0213123
2938	0.0195697
2940.42	0.0200093
2942.85	0.0229901
2945.27	0.0216286
2947.69	0.0214346
2950.11	0.0205445
2952.53	0.0207868
2954.96	0.0229012
2957.38	0.0223172
2959.8	0.0219481
2962.22	0.0208288
2964.65	0.0213452
2967.07	0.0242541
2969.49	0.0211753
2971.91	0.0208838
2974.33	0.0206335
2976.76	0.0190623
2979.18	0.0191113
2981.6	0.020501
2984.02	0.0198468
2986.44	0.0222649
2988.87	0.023491
2991.29	0.020237
2993.71	0.0234768
2996.13	0.0204228
2998.55	0.0218651
3000.98	0.0224675
3003.4	0.0191466
3005.82	0.0196475
3008.24	0.0212945
3010.66	0.0206088
3013.09	0.0231031
3015.51	0.0212977
3017.93	0.0242942
3020.35	0.0205307
3022.78	0.0203363
3025.2	0.0212048
3027.62	0.0208334
3030.04	0.0189349
3032.46	0.0198975
3034.89	0.0217287
3037.31	0.0217142
3039.73	0.0231845
3042.15	0.0209128
3044.57	0.0229092
3047	0.0217781
3049.42	0.0222439
3051.84	0.0184771
3054.26	0.0202532
3056.68	0.0196323
3059.11	0.0190659
3061.53	0.0192328
3063.95	0.0190844
3066.37	0.020681
3068.8	0.0208356
3071.22	0.0219694
3073.64	0.0212283
3076.06	0.0211566
3078.48	0.0216344
3080.91	0.0206844
3083.33	0.0192031
3085.75	0.0176669
3088.17	0.0197051
3090.59	0.0176178
3093.02	0.0179866
3095.44	0.0196442
3097.86	0.017076
3100.28	0.0174126
3102.7	0.0203336
3105.13	0.0193219
3107.55	0.0184142
3109.97	0.0183948
3112.39	0.0175856
3114.81	0.0192939
3117.24	0.0184089
3119.66	0.0181943
3122.08	0.017791
3124.5	0.0177757
3126.93	0.0188994
3129.35	0.020559
3131.77	0.0202475
3134.19	0.0191976
3136.61	0.01944
3139.04	0.0170071
3141.46	0.0176036
3143.88	0.0172829
3146.3	0.0164892
3148.72	0.0166673
3151.15	0.0156052
3153.57	0.0155175
3155.99	0.016584
3158.41	0.0158219
3160.83	0.015138
3163.26	0.0167403
3165.68	0.0173576
3168.1	0.0170374
3170.52	0.0181855
3172.95	0.0166677
3175.37	0.0158836
3177.79	0.0166527
3180.21	0.0150769
3182.63	0.0155147
3185.06	0.0152959
3187.48	0.017731
3189.9	0.0164436
3192.32	0.0169966
3194.74	0.0173818
3197.17	0.0160279
3199.59	0.0154707
3202.01	0.0157994
3204.43	0.0153814
3206.85	0.0149799
3209.28	0.0170343
3211.7	0.0163775
3214.12	0.0169839
3216.54	0.0183948
3218.97	0.0182684
3221.39	0.0189178
3223.81	0.0197964
3226.23	0.018885
3228.65	0.0165915
3231.08	0.0185539
3233.5	0.0161156
3235.92	0.0185037
3238.34	0.0171926
3240.76	0.0170495
3243.19	0.0176533
3245.61	0.0188499
3248.03	0.0216375
3250.45	0.0197309
3252.87	0.0202094
3255.3	0.0189644
3257.72	0.0207119
3260.14	0.0214818
3262.56	0.0198429
3264.98	0.0202631
3267.41	0.0196628
3269.83	0.0215905
3272.25	0.0212211
3274.67	0.0191334
3277.1	0.0184343
3279.52	0.017974
3281.94	0.0194209
3284.36	0.0199122
3286.78	0.0200035
3289.21	0.0192441
3291.63	0.0197616
3294.05	0.0211024
3296.47	0.0168281
3298.89	0.0165067
3301.32	0.0172724
3303.74	0.0170337
3306.16	0.0203542
3308.58	0.0170746
3311	0.0167537
3313.43	0.0177781
3315.85	0.0191921
3318.27	0.0191983
3320.69	0.0187045
3323.12	0.0176703
3325.54	0.0168668
3327.96	0.016424
3330.38	0.0164665
3332.8	0.017459
3335.23	0.017057
3337.65	0.0176402
3340.07	0.0192487
3342.49	0.0187867
3344.91	0.0189958
3347.34	0.0171438
3349.76	0.0183385
3352.18	0.0172353
3354.6	0.019333
3357.02	0.018634
3359.45	0.0195878
3361.87	0.0200795
3364.29	0.0161288
3366.71	0.0172369
3369.14	0.0187778
3371.56	0.0170259
3373.98	0.0180306
3376.4	0.0192046
3378.82	0.0192309
3381.25	0.0180051
3383.67	0.0169423
3386.09	0.0190556
3388.51	0.017722
3390.93	0.0202826
3393.36	0.0187933
3395.78	0.0208973
3398.2	0.0199379
3400.62	0.0180948
3403.04	0.0165523
3405.47	0.0171938
3407.89	0.01875
3410.31	0.0164248
3412.73	0.0160544
3415.15	0.0158687
3417.58	0.0177465
3420	0.018779
3422.42	0.01646
3424.84	0.01532
3427.27	0.0137747
3429.69	0.015241
3432.11	0.0152152
3434.53	0.0144989
3436.95	0.0139906
3439.38	0.01641
3441.8	0.0149942
3444.22	0.015811
3446.64	0.0152528
3449.06	0.015515
3451.49	0.0147413
3453.91	0.0143596
3456.33	0.0155989
3458.75	0.013999
3461.17	0.0146557
3463.6	0.0151303
3466.02	0.0145085
3468.44	0.0145663
3470.86	0.0168185
3473.29	0.0156627
3475.71	0.0190957
3478.13	0.0186789
3480.55	0.0179001
3482.97	0.0148547
3485.4	0.0150022
3487.82	0.0164328
3490.24	0.0168616
3492.66	0.0170038
3495.08	0.014666
3497.51	0.0156073
3499.93	0.0187358
3502.35	0.0154548
3504.77	0.0160335
3507.19	0.0136709
3509.62	0.013896
3512.04	0.0144857
3514.46	0.0139308
3516.88	0.0134497
3519.3	0.0140781
3521.73	0.015571
3524.15	0.0135621
3526.57	0.0147401
3528.99	0.0166494
3531.42	0.0153689
3533.84	0.0147478
3536.26	0.0142808
3538.68	0.0133065
3541.1	0.014354
3543.53	0.0145293
3545.95	0.0151591
3548.37	0.015135
3550.79	0.0145058
3553.21	0.0139141
3555.64	0.0125819
3558.06	0.0128876
3560.48	0.0146536
3562.9	0.0148553
3565.32	0.0137582
3567.75	0.0133177
3570.17	0.0126044
3572.59	0.0117803
3575.01	0.0119073
3577.44	0.0114952
3579.86	0.0117362
3582.28	0.0111381
3584.7	0.00998562
3587.12	0.0102662
3589.55	0.0110173
3591.97	0.00905122
3594.39	0.0112332
3596.81	0.0107452
3599.23	0.0132903
3601.66	0.0154978
3604.08	0.0128193
3606.5	0.0103166
3608.92	0.0119317
3611.34	0.0119697
3613.77	0.0123159
3616.19	0.0111088
3618.61	0.0114397
3621.03	0.0110805
3623.46	0.0120043
3625.88	0.0110708
3628.3	0.011627
3630.72	0.0118872
3633.14	0.0124945
3635.57	0.0129288
3637.99	0.0126614
3640.41	0.0131231
3642.83	0.0130637
3645.25	0.0125407
3647.68	0.0111924
3650.1	0.0100419
3652.52	0.00990063
3654.94	0.0106008
3657.36	0.0111112
3659.79	0.0113076
3662.21	0.0110844
3664.63	0.0110443
3667.05	0.00982427
3669.47	0.010332
3671.9	0.0095027
3674.32	0.0100331
3676.74	0.0103456
3679.16	0.0112849
3681.59	0.00964233
3684.01	0.0100635
3686.43	0.0100926
3688.85	0.0113481
3691.27	0.0117741
3693.7	0.0124774
3696.12	0.0115199
3698.54	0.0134208
3700.96	0.0119829
3703.38	0.00922948
3705.81	0.00929479
3708.23	0.0103196
3710.65	0.00994422
3713.07	0.00880333
3715.49	0.00996525
3717.92	0.011788
3720.34	0.0114101
3722.76	0.0109955
3725.18	0.0121707
3727.61	0.0132672
3730.03	0.0128925
3732.45	0.0100437
3734.87	0.0104976
3737.29	0.010851
3739.72	0.0109548
3742.14	0.0111381
3744.56	0.0117117
3746.98	0.0103892
3749.4	0.0111209
3751.83	0.00993878
3754.25	0.0110466
3756.67	0.0136271
3759.09	0.0117615
3761.51	0.0103423
3763.94	0.0118425
3766.36	0.0120082
3768.78	0.0111585
3771.2	0.0124252
3773.63	0.0119964
3776.05	0.0104739
3778.47	0.01113
3780.89	0.0101216
3783.31	0.0121844
3785.74	0.01153
3788.16	0.0120556
3790.58	0.0115177
3793	0.0120837
3795.42	0.0115835
3797.85	0.0100901
3800.27	0.0120266
3802.69	0.014631
3805.11	0.0148236
3807.53	0.0137683
3809.96	0.0128138
3812.38	0.0120555
3814.8	0.0118343
3817.22	0.0115547
3819.64	0.0104313
3822.07	0.00971006
3824.49	0.0117104
3826.91	0.011378
3829.33	0.0139335
3831.76	0.0161226
3834.18	0.0139062
3836.6	0.0152351
3839.02	0.0117944
3841.44	0.0127438
3843.87	0.0140186
3846.29	0.0148783
3848.71	0.0144615
3851.13	0.0140538
3853.55	0.0122275
3855.98	0.0125664
3858.4	0.0115593
3860.82	0.011461
3863.24	0.0120304
3865.66	0.0113565
3868.09	0.0122613
3870.51	0.0123706
3872.93	0.0103571
3875.35	0.00949706
3877.78	0.0112857
3880.2	0.0119858
3882.62	0.0120461
3885.04	0.012645
3887.46	0.011884
3889.89	0.011139
3892.31	0.0118614
3894.73	0.0117787
3897.15	0.0106698
3899.57	0.0116457
3902	0.0116706
3904.42	0.0115163
3906.84	0.00982783
3909.26	0.00939462
3911.68	0.00949057
3914.11	0.00986515
3916.53	0.0100525
3918.95	0.00978203
3921.37	0.00976583
3923.79	0.00977093
3926.22	0.0106039
3928.64	0.00930988
3931.06	0.0094902
3933.48	0.00869903
3935.91	0.00894876
3938.33	0.00759932
3940.75	0.00871735
3943.17	0.00811309
3945.59	0.00743064
3948.02	0.00883604
3950.44	0.00755714
3952.86	0.0062545
3955.28	0.00809266
3957.7	0.00773062
3960.13	0.00654021
3962.55	0.00709801
3964.97	0.00638693
3967.39	0.0079611
3969.81	0.00696997
3972.24	0.00696283
3974.66	0.00714495
3977.08	0.00846168
3979.5	0.00825084
3981.93	0.00789954
3984.35	0.00892104
3986.77	0.0073949
3989.19	0.00781426
3991.61	0.00832176
3994.04	0.00815117
3996.46	0.00766671
3998.88	0.00744041
4001.3	0.00831637
4003.72	0.00636234
4006.15	0.0062466
4008.57	0.00712474
4010.99	0.00616676
4013.41	0.00640397
4015.83	0.00591807
4018.26	0.00764599
4020.68	0.00957877
4023.1	0.0086577
4025.52	0.00886095
4027.95	0.00686235
4030.37	0.00795537
4032.79	0.00690736
4035.21	0.0058954
4037.63	0.00523316
4040.06	0.00541303
4042.48	0.00675633
4044.9	0.00745372
4047.32	0.00866142
4049.74	0.00752326
4052.17	0.00625718
4054.59	0.00655594
4057.01	0.00555155
4059.43	0.00688631
4061.85	0.0060115
4064.28	0.00560663
4066.7	0.00516318
4069.12	0.00559285
4071.54	0.00501432
4073.96	0.00555749
4076.39	0.00515341
4078.81	0.00505241
4081.23	0.00497298
4083.65	0.00605254
4086.08	0.00684101
4088.5	0.00706833
4090.92	0.0062789
4093.34	0.00776009
4095.76	0.00743412
4098.19	0.00763815
4100.61	0.00650125
4103.03	0.00721565
4105.45	0.00848915
4107.87	0.00781193
4110.3	0.00706804
4112.72	0.00664478
4115.14	0.00703978
4117.56	0.00811574
4119.98	0.00657288
4122.41	0.00689472
4124.83	0.00819555
4127.25	0.00723518
4129.67	0.00600089
4132.1	0.00639641
4134.52	0.00508134
4136.94	0.00614793
4139.36	0.00622415
4141.78	0.00454093
4144.21	0.00537209
4146.63	0.00561101
4149.05	0.00643533
4151.47	0.00563929
4153.89	0.0055208
4156.32	0.00528331
4158.74	0.00616031
4161.16	0.00568767
4163.58	0.00642399
4166	0.0053928
4168.43	0.00491661
4170.85	0.00477049
4173.27	0.00412594
4175.69	0.00429042
4178.11	0.00330097
4180.54	0.00445592
4182.96	0.00450453
4185.38	0.00369293
4187.8	0.00454044
4190.23	0.0038133
4192.65	0.00509456
4195.07	0.00477889
4197.49	0.00517809
4199.91	0.00455598
4202.34	0.00484694
4204.76	0.00512379
4207.18	0.00489861
4209.6	0.0049342
4212.02	0.00584196
4214.45	0.00618756
4216.87	0.00751697
4219.29	0.0051158
4221.71	0.00528622
4224.13	0.0042166
4226.56	0.00490872
4228.98	0.00531669
4231.4	0.00495359
4233.82	0.00471564
4236.25	0.00592578
4238.67	0.00477619
4241.09	0.0045141
4243.51	0.00445129
4245.93	0.00544212
4248.36	0.00531852
4250.78	0.00480286
4253.2	0.00382393
4255.62	0.00477787
4258.04	0.00492543
4260.47	0.00543779
4262.89	0.00454377
4265.31	0.00435005
4267.73	0.00400083
4270.15	0.00407923
4272.58	0.00515727
4275	0.00414936
4277.42	0.00444544
4279.84	0.0039424
4282.27	0.00492389
4284.69	0.00536861
4287.11	0.00506659
4289.53	0.00492708
4291.95	0.00499229
4294.38	0.00565686
4296.8	0.0055088
4299.22	0.00496714
4301.64	0.00372503
4304.06	0.00376094
4306.49	0.00439437
4308.91	0.00360925
4311.33	0.00422334
4313.75	0.00357824
4316.17	0.00360708
4318.6	0.00424741
4321.02	0.00393517
4323.44	0.00432692
4325.86	0.00488049
4328.28	0.00388674
4330.71	0.00387169
4333.13	0.00357011
4335.55	0.00422281
4337.97	0.00320062
4340.4	0.00382855
4342.82	0.00333928
4345.24	0.00407046
4347.66	0.00413985
4350.08	0.00371004
4352.51	0.00348423
4354.93	0.00348654
4357.35	0.003326
4359.77	0.00291902
4362.19	0.00333507
4364.62	0.00339264
4367.04	0.0027916
4369.46	0.00371963
4371.88	0.00348322
4374.3	0.00338481
4376.73	0.0035163
4379.15	0.0039312
4381.57	0.00407513
4383.99	0.00540784
4386.42	0.00393275
4388.84	0.0055459
4391.26	0.00540161
4393.68	0.00455628
4396.1	0.00414968
4398.53	0.00363621
4400.95	0.00455531
4403.37	0.00588448
4405.79	0.00413614
4408.21	0.00322739
4410.64	0.00322032
4413.06	0.00423449
4415.48	0.00326078
4417.9	0.00328021
4420.32	0.00401184
4422.75	0.0047664
4425.17	0.00491438
4427.59	0.00434047
4430.01	0.00473503
4432.44	0.00392587
4434.86	0.00473365
4437.28	0.00324494
4439.7	0.00276774
4442.12	0.00278122
4444.55	0.00348195
4446.97	0.00361128
4449.39	0.00522325
4451.81	0.00402907
4454.23	0.00487008
4456.66	0.00404367
4459.08	0.00305391
4461.5	0.00322289
4463.92	0.00441133
4466.34	0.00414645
4468.77	0.00412384
4471.19	0.00268478
4473.61	0.00337865
4476.03	0.00295471
4478.45	0.00309286
4480.88	0.00328907
4483.3	0.00228316
4485.72	0.00312601
4488.14	0.00295273
4490.57	0.00351911
4492.99	0.0030503
4495.41	0.00237937
4497.83	0.00199853
4500.25	0.00272378
4502.68	0.00218447
4505.1	0.00240971
4507.52	0.00321099
4509.94	0.00378997
4512.36	0.00319999
4514.79	0.00225971
4517.21	0.0019911
4519.63	0.00196556
4522.05	0.00252475
4524.47	0.00253231
4526.9	0.00291349
4529.32	0.00378407
4531.74	0.00255235
4534.16	0.00391166
4536.59	0.00425522
4539.01	0.00349137
4541.43	0.00453867
4543.85	0.0032297
4546.27	0.00296204
4548.7	0.00304008
4551.12	0.00439379
4553.54	0.00361408
4555.96	0.00277875
4558.38	0.00256718
4560.81	0.00289916
4563.23	0.00342932
4565.65	0.00378645
4568.07	0.00283531
4570.49	0.00268698
4572.92	0.00264905
4575.34	0.00284289
4577.76	0.00355895
4580.18	0.00323248
4582.6	0.00323109
4585.03	0.0048759
4587.45	0.00403123
4589.87	0.00498633
4592.29	0.0033799
4594.72	0.00411892
4597.14	0.00411671
4599.56	0.00363006
4601.98	0.00302402
4604.4	0.00319936
4606.83	0.00364003
4609.25	0.00275625
4611.67	0.00255689
4614.09	0.0025279
4616.51	0.0031425
4618.94	0.00381061
4621.36	0.00250255
4623.78	0.00212991
4626.2	0.00247212
4628.62	0.00210047
4631.05	0.00285405
4633.47	0.00268536
4635.89	0.00248109
4638.31	0.00254096
4640.74	0.00278128
4643.16	0.00325242
4645.58	0.00415342
4648	0.00359113
4650.42	0.00337994
4652.85	0.00455784
4655.27	0.00466479
4657.69	0.00372628
4660.11	0.00452542
4662.53	0.00331122
4664.96	0.00414419
4667.38	0.00295832
4669.8	0.00435177
4672.22	0.00374764
4674.64	0.00301202
4677.07	0.00450986
4679.49	0.00429084
4681.91	0.003806
4684.33	0.00360546
4686.76	0.00344061
4689.18	0.00328724
4691.6	0.0027515
4694.02	0.00345424
4696.44	0.00398433
4698.87	0.00505026
4701.29	0.00473821
4703.71	0.00394937
4706.13	0.00363934
4708.55	0.00478193
4710.98	0.00471301
4713.4	0.00371155
4715.82	0.00334564
4718.24	0.00255016
4720.66	0.00232925
4723.09	0.00250611
4725.51	0.00232851
4727.93	0.00224902
4730.35	0.00351883
4732.77	0.00300601
4735.2	0.00210205
4737.62	0.00183463
4740.04	0.00157952
4742.46	0.00152211
4744.89	0.00138806
4747.31	0.00128959
4749.73	0.00169081
4752.15	0.00208018
4754.57	0.00284034
4757	0.00193672
4759.42	0.00173855
4761.84	0.00177523
4764.26	0.0014893
4766.68	0.0020493
4769.11	0.00176525
4771.53	0.0024021
4773.95	0.0021007
4776.37	0.00214382
4778.79	0.00168404
4781.22	0.00205254
4783.64	0.00257901
4786.06	0.00279751
4788.48	0.00221157
4790.91	0.00151241
4793.33	0.00169369
4795.75	0.00158293
4798.17	0.00169426
4800.59	0.00167876
4803.02	0.00159807
4805.44	0.00176318
4807.86	0.00193773
4810.28	0.00233966
4812.7	0.00159279
4815.13	0.00205556
4817.55	0.00173929
4819.97	0.00215972
4822.39	0.00239952
4824.81	0.00234959
4827.24	0.00225646
4829.66	0.00191166
4832.08	0.00121178
4834.5	0.00140196
4836.92	0.00130787
4839.35	0.00150276
4841.77	0.0015886
4844.19	0.0015892
4846.61	0.00136797
4849.04	0.00148365
4851.46	0.00145679
4853.88	0.00151075
4856.3	0.00145663
4858.72	0.00140609
4861.15	0.00118435
4863.57	0.00152664
4865.99	0.00123723
4868.41	0.00161108
4870.83	0.0016792
4873.26	0.00167386
4875.68	0.00094643
4878.1	0.00129009
4880.52	0.00102693
4882.94	0.00118154
4885.37	0.00119555
4887.79	0.00128245
4890.21	0.00145958
4892.63	0.00158202
4895.06	0.00145725
4897.48	0.0017624
4899.9	0.00206772
4902.32	0.0019302
4904.74	0.00205446
4907.17	0.00166343
4909.59	0.00238777
4912.01	0.00278096
4914.43	0.00156783
4916.85	0.00118542
4919.28	0.00116939
4921.7	0.00128003
4924.12	0.00122562
4926.54	0.00203654
4928.96	0.00194281
4931.39	0.00166895
4933.81	0.00204919
4936.23	0.0022326
4938.65	0.00318261
4941.08	0.00220684
4943.5	0.00367093
4945.92	0.00256264
4948.34	0.00376788
4950.76	0.00307961
4953.19	0.00265968
4955.61	0.00365841
4958.03	0.00338724
4960.45	0.00435037
4962.87	0.00372478
4965.3	0.00392843
4967.72	0.00307452
4970.14	0.00346457
4972.56	0.00327246
4974.98	0.0031664
4977.41	0.00232624
4979.83	0.00185816
4982.25	0.00134406
4984.67	0.00118789
4987.09	0.00174817
4989.52	0.00118329
4991.94	0.00148651
4994.36	0.00148936
4996.78	0.00151688
4999.21	0.00172873
5001.63	0.00199485
5004.05	0.00161216
5006.47	0.0018979
5008.89	0.0015579
5011.32	0.0014397
5013.74	0.000912375
5016.16	0.00112362
5018.58	0.000950579
5021	0.00102064
5023.43	0.000904992
5025.85	0.00099304
5028.27	0.000958581
5030.69	0.000844218
5033.11	0.000979018
5035.54	0.000971323
5037.96	0.000864964
5040.38	0.000779506
5042.8	0.000912126
5045.23	0.00126937
5047.65	0.00207594
5050.07	0.00184424
5052.49	0.00143577
5054.91	0.00172768
5057.34	0.0018204
5059.76	0.00159883
5062.18	0.00157443
5064.6	0.00161698
5067.02	0.00186655
5069.45	0.00204557
5071.87	0.00164944
5074.29	0.00107142
5076.71	0.00133035
5079.13	0.00103479
5081.56	0.00133721
5083.98	0.00188874
5086.4	0.00124255
5088.82	0.00141452
5091.25	0.00135309
5093.67	0.00163912
5096.09	0.00137738
5098.51	0.00129991
5100.93	0.00100968
5103.36	0.00127616
5105.78	0.00124154
5108.2	0.00172611
5110.62	0.00198908
5113.04	0.00221441
5115.47	0.00152315
5117.89	0.00142824
5120.31	0.00215538
5122.73	0.00144266
5125.15	0.000918406
5127.58	0.00102914
5130	0.00139288
5132.42	0.00191606
5134.84	0.00136783
5137.26	0.000990156
5139.69	0.000761806
5142.11	0.00111242
5144.53	0.000992345
5146.95	0.00157862
5149.38	0.000908567
5151.8	0.000811022
5154.22	0.00149
5156.64	0.000864453
5159.06	0.00237424
5161.49	0.00124155
5163.91	0.00125182
5166.33	0.000910947
5168.75	0.00103609
5171.17	0.000562783
5173.6	0.00106804
5176.02	0.00100458
5178.44	0.00107202
5180.86	0.0013684
5183.28	0.00239118
5185.71	0.00126807
5188.13	0.0014715
5190.55	0.00162136
5192.97	0.00125935
5195.4	0.00232141
5197.82	0.00129652
5200.24	0.0014241
5202.66	0.0017537
5205.08	0.00170689
5207.51	0.00219527
5209.93	0.00132715
5212.35	0.00118989
5214.77	0.00166081
5217.19	0.00145079
5219.62	0.00155858
5222.04	0.00146637
5224.46	0.00152412
5226.88	0.00125387
5229.3	0.000981682
5231.73	0.00129732
5234.15	0.000775537
5236.57	0.00121085
5238.99	0.00172304
5241.41	0.00111909
5243.84	0.00133624
5246.26	0.000746167
5248.68	0.00116032
5251.1	0.00136925
5253.53	0.00161657
5255.95	0.000613076
5258.37	0.000550213
5260.79	0.000411214
5263.21	0.000488643
5265.64	0.000670503
5268.06	0.000472677
5270.48	0.000506336
5272.9	0.000584274
5275.32	0.000504131
5277.75	0.000593596
5280.17	0.000646412
5282.59	0.000470043
5285.01	0.000554651
5287.43	0.00147578
5289.86	0.000995513
5292.28	0.00150745
5294.7	0.00164052
5297.12	0.000856038
5299.55	0.00107845
5301.97	0.00129666
5304.39	0.000941116
5306.81	0.00120756
5309.23	0.00156056
5311.66	0.0009739
5314.08	0.000740577
5316.5	0.00108166
5318.92	0.00111911
5321.34	0.00161723
5323.77	0.00156308
5326.19	0.00200728
5328.61	0.00171292
5331.03	0.00224724
5333.45	0.00102364
5335.88	0.00141106
5338.3	0.00132392
5340.72	0.00112928
5343.14	0.00166753
5345.57	0.00127575
5347.99	0.0012674
5350.41	0.00166919
5352.83	0.00149844
5355.25	0.00243892
5357.68	0.0012772
5360.1	0.00160674
5362.52	0.00141482
5364.94	0.000986731
5367.36	0.00116566
5369.79	0.00190713
5372.21	0.00231543
5374.63	0.00109346
5377.05	0.000959674
5379.47	0.000554441
5381.9	0.000667607
5384.32	0.000799495
5386.74	0.000973977
5389.16	0.00108021
5391.58	0.000673376
5394.01	0.000674113
5396.43	0.00047234
5398.85	0.000560172
5401.27	0.000597504
5403.7	0.000974924
5406.12	0.000868967
5408.54	0.000989592
5410.96	0.00079748
5413.38	0.000775939
5415.81	0.000885389
5418.23	0.000735376
5420.65	0.000870136
5423.07	0.000827544
5425.49	0.000386051
5427.92	0.000341105
5430.34	0.000370517
5432.76	0.000328665
5435.18	0.000320634
5437.6	0.000209956
5440.03	0.000346761
5442.45	0.000331014
5444.87	0.000349829
5447.29	0.000261773
5449.72	0.000430937
5452.14	0.00022628
5454.56	0.00040754
5456.98	0.000206108
5459.4	0.00043671
5461.83	0.0002994
5464.25	0.000239105
5466.67	0.000409383
5469.09	0.000796819
5471.51	0.000723006
5473.94	0.000722483
5476.36	0.00115161
5478.78	0.00144597
5481.2	0.0013102
5483.62	0.000911218
5486.05	0.000807364
5488.47	0.000770655
5490.89	0.00108279
5493.31	0.00168239
5495.74	0.000929302
5498.16	0.00118083
5500.58	0.000658294
5503	0.000361785
5505.42	0.00037805
5507.85	0.000529211
5510.27	0.000681562
5512.69	0.000456261
5515.11	0.0011668
5517.53	0.000635212
5519.96	0.000962139
5522.38	0.00166715
5524.8	0.00112866
5527.22	0.00102897
5529.64	0.00139057
5532.07	0.00141444
5534.49	0.000895157
5536.91	0.001416
5539.33	0.000956675
5541.75	0.00047423
5544.18	0.000472802
5546.6	0.00037971
5549.02	0.000313105
5551.44	0.000295406
5553.87	0.000332163
5556.29	0.000276914
5558.71	0.000369039
5561.13	0.000464127
5563.55	0.00036578
5565.98	0.00050007
5568.4	0.000183818
5570.82	0.000247019
5573.24	0.00024701
5575.66	0.000317844
5578.09	0.000703561
5580.51	0.000214135
5582.93	0.000224776
5585.35	0.000191738
5587.77	0.000112729
5590.2	0.000208621
5592.62	0.000195506
5595.04	0.000151766
5597.46	0.000250656
5599.89	0.000122178
5602.31	0.000218514
5604.73	0.000248035
5607.15	0.000162627
5609.57	0.000176759
5612	0.000319742
5614.42	0.000194257
5616.84	0.000299556
5619.26	0.000135145
5621.68	0.000244508
5624.11	0.000105403
5626.53	0.000225011
5628.95	0.000266189
5631.37	0.000204173
5633.79	0.000241172
5636.22	0.000306609
5638.64	0.000254161
5641.06	0.000146833
5643.48	0.000385281
5645.9	0.000509186
5648.33	0.000164727
5650.75	0.000625563
5653.17	8.81246e-05
5655.59	4.7401e-05
5658.02	7.36182e-05
5660.44	8.38026e-05
5662.86	6.84496e-05
5665.28	4.4896e-05
5667.7	9.36359e-05
5670.13	6.32778e-05
5672.55	5.37832e-05
5674.97	7.69479e-05
5677.39	6.6165e-05
5679.81	8.37085e-05
5682.24	5.92393e-05
5684.66	7.69761e-05
5687.08	7.08818e-05
5689.5	6.53504e-05
5691.92	7.50414e-05
5694.35	4.74332e-05
5696.77	0.000106875
5699.19	5.65944e-05
5701.61	7.32714e-05
5704.04	7.32567e-05
5706.46	7.32714e-05
5708.88	8.2225e-05
5711.3	6.43031e-05
5713.72	9.78935e-05
5716.15	4.37444e-05
5718.57	0.000101923
5720.99	4.849e-05
5723.41	8.40026e-05
5725.83	5.97629e-05
5728.26	8.33031e-05
5730.68	6.99061e-05
5733.1	6.77665e-05
5735.52	6.0943e-05
5737.94	6.95491e-05
5740.37	8.21282e-05
5742.79	5.65478e-05
5745.21	6.88051e-05
5747.63	0.0001095
5750.06	5.1064e-05
5752.48	5.81272e-05
5754.9	5.4347e-05
5757.32	6.74668e-05
5759.74	8.22263e-05
5762.17	5.31056e-05
5764.59	8.12105e-05
5767.01	3.28576e-05
5769.43	8.78275e-05
5771.85	6.72406e-05
5774.28	0.000105372
5776.7	2.94398e-05
5779.12	5.09644e-05
5781.54	0.0001129
5783.96	5.40631e-05
5786.39	8.75844e-05
5788.81	3.31276e-05
5791.23	7.31073e-05
5793.65	6.4108e-05
5796.07	7.69947e-05
5798.5	6.02791e-05
5800.92	6.86704e-05
5803.34	6.86843e-05
5805.76	7.50046e-05
5808.19	6.24226e-05
5810.61	6.87487e-05
5813.03	8.21307e-05
5815.45	5.81988e-05
5817.87	2.13606e-05
5820.3	0.00014533
5822.72	6.5131e-05
5825.14	2.11266e-05
5827.56	9.867e-05
5829.98	9.65709e-05
5832.41	4.83162e-05
5834.83	6.98029e-05
5837.25	6.66729e-05
5839.67	7.4508e-05
5842.09	4.96911e-05
5844.52	8.74826e-05
5846.94	5.08801e-05
5849.36	9.06595e-05
5851.78	6.68828e-05
5854.21	5.16385e-05
5856.63	7.04519e-05
5859.05	7.04377e-05
5861.47	7.04519e-05
5863.89	9.56408e-05
5866.32	5.36666e-05
5868.74	6.14779e-05
5871.16	6.96803e-05
5873.58	7.14735e-05
5876	6.80042e-05
5878.43	9.62929e-05
5880.85	4.33326e-05
5883.27	7.00996e-05
5885.69	7.00854e-05
5888.11	4.88689e-05
5890.54	9.08622e-05
5892.96	8.6406e-05
5895.38	7.41857e-05
5897.8	5.20497e-05
5900.22	9.0889e-05
5902.65	5.12209e-05
5905.07	7.80098e-05
5907.49	7.34544e-05
5909.91	6.13719e-05
5912.34	0.000106679
5914.76	3.49602e-05
5917.18	8.01497e-05
5919.6	8.04341e-05
5922.02	5.22615e-05
5924.45	7.4968e-05
5926.87	6.71035e-05
5929.29	9.47445e-05
5931.71	0.000289999
5934.13	0.000139166
5936.56	0.000200456
5938.98	0.000161594
5941.4	0.000208886
5943.82	0.000260407
5946.24	0.00014375
5948.67	0.000238685
5951.09	0.000226851
5953.51	0.00013313
5955.93	0.000200776
5958.36	0.000184818
5960.78	0.000139415
5963.2	0.000177194
5965.62	0.000210869
5968.04	0.000118565
5970.47	0.000343824
5972.89	0.000286188
5975.31	0.000721718
5977.73	0.00112749
5980.15	0.000776306
5982.58	0.000478131
5985	0.000447305
5987.42	0.00068202
5989.84	0.000831614
5992.26	0.000417854
5994.69	0.000815219
5997.11	0.000921879
5999.53	0.000190053
6001.95	0.000145334
6004.38	0.000206407
6006.8	0.000226124
6009.22	0.000256293
6011.64	0.000175458
6014.06	0.000154062
6016.49	0.000188845
6018.91	0.000445979
6021.33	0.000289923
6023.75	0.000157948
6026.17	0.000350566
6028.6	0.000220831
6031.02	0.000262879
6033.44	0.00050138
6035.86	0.000488022
6038.28	0.000601902
6040.71	0.000456098
6043.13	0.000150645
6045.55	0.000217483
6047.97	0.000272495
6050.39	0.000471252
6052.82	0.000263943
