0	2.80161
3.01727	0.981211
6.03454	0.708135
9.0518	0.579168
12.0691	0.496023
15.0863	0.44986
18.1036	0.422024
21.1209	0.394203
24.1381	0.368204
27.1554	0.339947
30.1727	0.316456
33.1899	0.303042
36.2072	0.286551
39.2245	0.274412
42.2417	0.267126
45.259	0.260524
48.2763	0.261942
51.2935	0.243622
54.3108	0.236559
57.3281	0.22389
60.3454	0.223375
63.3626	0.218727
66.3799	0.21739
69.3972	0.204076
72.4144	0.205765
75.4317	0.197667
78.449	0.197026
81.4662	0.194529
84.4835	0.194131
87.5008	0.189211
90.518	0.182061
93.5353	0.182198
96.5526	0.178813
99.5698	0.176965
102.587	0.179102
105.604	0.167635
108.622	0.167104
111.639	0.169222
114.656	0.168193
117.673	0.163082
120.691	0.16399
123.708	0.159278
126.725	0.159489
129.743	0.157588
132.76	0.159034
135.777	0.152334
138.794	0.146847
141.812	0.149581
144.829	0.145562
147.846	0.145894
150.863	0.147635
153.881	0.145298
156.898	0.14059
159.915	0.14312
162.932	0.13768
165.95	0.138152
168.967	0.139377
171.984	0.141639
175.002	0.136069
178.019	0.134419
181.036	0.135475
184.053	0.133755
187.071	0.127467
190.088	0.127161
193.105	0.131149
196.122	0.130596
199.14	0.127728
202.157	0.129456
205.174	0.127226
208.191	0.126577
211.209	0.128728
214.226	0.126315
217.243	0.129093
220.261	0.124571
223.278	0.124198
226.295	0.125204
229.312	0.127111
232.33	0.130168
235.347	0.125063
238.364	0.125558
241.381	0.126561
244.399	0.130133
247.416	0.124242
250.433	0.125081
253.45	0.128118
256.468	0.123805
259.485	0.123068
262.502	0.117916
265.52	0.120578
268.537	0.118029
271.554	0.122726
274.571	0.11346
277.589	0.119058
280.606	0.118314
283.623	0.113303
286.64	0.115656
289.658	0.113084
292.675	0.110644
295.692	0.110778
298.709	0.108333
301.727	0.111148
304.744	0.107637
307.761	0.109074
310.779	0.108501
313.796	0.109225
316.813	0.106735
319.83	0.105804
322.848	0.105443
325.865	0.102815
328.882	0.103105
331.899	0.104047
334.917	0.0991046
337.934	0.101219
340.951	0.0995944
343.968	0.105269
346.986	0.105548
350.003	0.109673
353.02	0.103928
356.038	0.104211
359.055	0.10527
362.072	0.102444
365.089	0.104807
368.107	0.10592
371.124	0.103479
374.141	0.102934
377.158	0.102819
380.176	0.101794
383.193	0.102007
386.21	0.0983222
389.228	0.0977011
392.245	0.0942613
395.262	0.0963092
398.279	0.0972321
401.297	0.0959746
404.314	0.0948398
407.331	0.0947167
410.348	0.0945091
413.366	0.0950543
416.383	0.0976932
419.4	0.0923031
422.417	0.0944822
425.435	0.0939627
428.452	0.0989303
431.469	0.0943759
434.487	0.0963299
437.504	0.0940799
440.521	0.0938041
443.538	0.0937481
446.556	0.0930349
449.573	0.0919958
452.59	0.0908166
455.607	0.0942094
458.625	0.0937808
461.642	0.0917906
464.659	0.093252
467.676	0.0907768
470.694	0.092025
473.711	0.0924233
476.728	0.0952626
479.746	0.0906449
482.763	0.0938076
485.78	0.0929727
488.797	0.0945438
491.815	0.0948582
494.832	0.0944811
497.849	0.127958
500.866	0.0811099
503.884	0.108674
506.901	0.103809
509.918	0.102885
512.935	0.0988634
515.953	0.10221
518.97	0.101571
521.987	0.0982224
525.005	0.0990586
528.022	0.0986153
531.039	0.0998038
534.056	0.099544
537.074	0.0967242
540.091	0.0987227
543.108	0.0948978
546.125	0.0980466
549.143	0.0987357
552.16	0.0996156
555.177	0.096411
558.194	0.100726
561.212	0.0993702
564.229	0.102589
567.246	0.100023
570.264	0.104229
573.281	0.102522
576.298	0.103738
579.315	0.108253
582.333	0.102919
585.35	0.104246
588.367	0.0967244
591.384	0.0997824
594.402	0.0956563
597.419	0.0999809
600.436	0.102362
603.454	0.0977994
606.471	0.0956835
609.488	0.0986421
612.505	0.0983484
615.523	0.09451
618.54	0.095136
621.557	0.0971392
624.574	0.0951133
627.592	0.0900437
630.609	0.0912981
633.626	0.0915385
636.643	0.0925688
639.661	0.0911927
642.678	0.0958487
645.695	0.10091
648.713	0.103095
651.73	0.103193
654.747	0.0954654
657.764	0.0990465
660.782	0.0955577
663.799	0.0992145
666.816	0.0969182
669.833	0.0954105
672.851	0.0942274
675.868	0.0913789
678.885	0.0915393
681.902	0.0914424
684.92	0.0919196
687.937	0.0978644
690.954	0.0965129
693.972	0.0928573
696.989	0.0880754
700.006	0.0923938
703.023	0.0955124
706.041	0.0976914
709.058	0.0917341
712.075	0.0925181
715.092	0.0941616
718.11	0.0906111
721.127	0.0957049
724.144	0.0988922
727.161	0.0924719
730.179	0.0917039
733.196	0.0921468
736.213	0.0922482
739.231	0.0975323
742.248	0.0953888
745.265	0.0909441
748.282	0.0953491
751.3	0.0902415
754.317	0.094033
757.334	0.087098
760.351	0.0883066
763.369	0.0912813
766.386	0.090885
769.403	0.0941237
772.42	0.0918465
775.438	0.0941987
778.455	0.0938772
781.472	0.0960009
784.49	0.094951
787.507	0.0908625
790.524	0.0899659
793.541	0.0919997
796.559	0.0940328
799.576	0.091103
802.593	0.0971354
805.61	0.097979
808.628	0.0922381
811.645	0.0954584
814.662	0.0921827
817.68	0.0872838
820.697	0.0911912
823.714	0.0905797
826.731	0.0875929
829.749	0.0847625
832.766	0.0822831
835.783	0.0826019
838.8	0.0901341
841.818	0.0872384
844.835	0.0840178
847.852	0.0839897
850.869	0.0882945
853.887	0.0831754
856.904	0.0888938
859.921	0.083768
862.939	0.0839305
865.956	0.0840088
868.973	0.0854261
871.99	0.0813931
875.008	0.0850366
878.025	0.0862707
881.042	0.0819846
884.059	0.0854754
887.077	0.0890082
890.094	0.0890132
893.111	0.0933986
896.128	0.0888508
899.146	0.0882104
902.163	0.0864686
905.18	0.0898671
908.198	0.0902032
911.215	0.08793
914.232	0.0860339
917.249	0.0871928
920.267	0.087105
923.284	0.0860858
926.301	0.0851987
929.318	0.0872689
932.336	0.0854575
935.353	0.0874355
938.37	0.0819094
941.387	0.0808963
944.405	0.0822491
947.422	0.0859669
950.439	0.0831543
953.457	0.0783735
956.474	0.0779215
959.491	0.079295
962.508	0.080475
965.526	0.084674
968.543	0.0829619
971.56	0.0828861
974.577	0.0851504
977.595	0.083698
980.612	0.0826047
983.629	0.0804321
986.646	0.0862378
989.664	0.0829787
992.681	0.0846005
995.698	0.0836091
998.716	0.0824414
1001.73	0.0855206
1004.75	0.08253
1007.77	0.0873061
1010.78	0.0840285
1013.8	0.0861484
1016.82	0.0866817
1019.84	0.0810464
1022.85	0.0815685
1025.87	0.0842393
1028.89	0.081544
1031.91	0.0815677
1034.92	0.07768
1037.94	0.0818574
1040.96	0.0815189
1043.97	0.0837381
1046.99	0.080962
1050.01	0.0828042
1053.03	0.0828523
1056.04	0.0849853
1059.06	0.0794064
1062.08	0.0779375
1065.1	0.0831286
1068.11	0.0844363
1071.13	0.077335
1074.15	0.0810314
1077.16	0.0817745
1080.18	0.0788878
1083.2	0.0776797
1086.22	0.0773442
1089.23	0.0786341
1092.25	0.0769674
1095.27	0.0772758
1098.29	0.077357
1101.3	0.0806361
1104.32	0.0758309
1107.34	0.0782688
1110.35	0.0751683
1113.37	0.0761341
1116.39	0.0742413
1119.41	0.0742352
1122.42	0.0770644
1125.44	0.0713736
1128.46	0.0713496
1131.48	0.0743065
1134.49	0.0739373
1137.51	0.0736864
1140.53	0.0739338
1143.54	0.0720421
1146.56	0.0731664
1149.58	0.0724818
1152.6	0.0716118
1155.61	0.071249
1158.63	0.0696761
1161.65	0.0741191
1164.67	0.0753974
1167.68	0.0750739
1170.7	0.0718268
1173.72	0.0717611
1176.73	0.067808
1179.75	0.0701196
1182.77	0.0700669
1185.79	0.0690883
1188.8	0.0703525
1191.82	0.0704491
1194.84	0.071811
1197.86	0.0660704
1200.87	0.0697141
1203.89	0.0688778
1206.91	0.0726605
1209.92	0.0694223
1212.94	0.0715123
1215.96	0.0743294
1218.98	0.0755597
1221.99	0.0753366
1225.01	0.0721511
1228.03	0.0732669
1231.05	0.0741942
1234.06	0.077334
1237.08	0.0752122
1240.1	0.0750576
1243.11	0.0786681
1246.13	0.0761153
1249.15	0.0771245
1252.17	0.0796349
1255.18	0.0763001
1258.2	0.0783517
1261.22	0.0750326
1264.24	0.0793089
1267.25	0.0770839
1270.27	0.0772606
1273.29	0.0724039
1276.3	0.0755474
1279.32	0.0748813
1282.34	0.0770744
1285.36	0.0750423
1288.37	0.0714046
1291.39	0.0737628
1294.41	0.0738799
1297.43	0.0760376
1300.44	0.0779293
1303.46	0.0766193
1306.48	0.078997
1309.49	0.0783186
1312.51	0.0753862
1315.53	0.0796782
1318.55	0.0772574
1321.56	0.0747615
1324.58	0.0743086
1327.6	0.074408
1330.61	0.0716645
1333.63	0.0760406
1336.65	0.078613
1339.67	0.076909
1342.68	0.0761701
1345.7	0.0726044
1348.72	0.0728875
1351.74	0.0759027
1354.75	0.0757931
1357.77	0.073576
1360.79	0.0758689
1363.8	0.0726663
1366.82	0.0722386
1369.84	0.0736241
1372.86	0.0730469
1375.87	0.0707489
1378.89	0.0734575
1381.91	0.0729142
1384.93	0.0708937
1387.94	0.0722057
1390.96	0.0708141
1393.98	0.069243
1396.99	0.0703279
1400.01	0.0709855
1403.03	0.0692219
1406.05	0.0712241
1409.06	0.0717789
1412.08	0.0712977
1415.1	0.0744529
1418.12	0.0690719
1421.13	0.069937
1424.15	0.0722885
1427.17	0.0709898
1430.18	0.0737609
1433.2	0.073349
1436.22	0.0725355
1439.24	0.0749469
1442.25	0.073454
1445.27	0.0737666
1448.29	0.0758973
1451.31	0.0766574
1454.32	0.0748041
1457.34	0.0724955
1460.36	0.0697683
1463.37	0.0698545
1466.39	0.0712543
1469.41	0.0724782
1472.43	0.0735579
1475.44	0.0737688
1478.46	0.0767073
1481.48	0.072696
1484.5	0.0714356
1487.51	0.0728435
1490.53	0.0753322
1493.55	0.0736464
1496.56	0.0633586
1499.58	0.0779439
1502.6	0.0585107
1505.62	0.0628745
1508.63	0.0614215
1511.65	0.0643416
1514.67	0.0592532
1517.69	0.0592381
1520.7	0.0614576
1523.72	0.0631247
1526.74	0.0648085
1529.75	0.0631683
1532.77	0.0634067
1535.79	0.065556
1538.81	0.0602448
1541.82	0.0616533
1544.84	0.0634181
1547.86	0.0649066
1550.88	0.0647855
1553.89	0.063203
1556.91	0.060728
1559.93	0.059657
1562.94	0.0581683
1565.96	0.0570614
1568.98	0.0611201
1572	0.0582487
1575.01	0.0624939
1578.03	0.0601374
1581.05	0.0592565
1584.07	0.0580641
1587.08	0.0579292
1590.1	0.0629075
1593.12	0.0608799
1596.13	0.0619276
1599.15	0.0584798
1602.17	0.0605488
1605.19	0.0567949
1608.2	0.0587441
1611.22	0.0595413
1614.24	0.06181
1617.26	0.0616359
1620.27	0.0589887
1623.29	0.0616819
1626.31	0.0611874
1629.32	0.059931
1632.34	0.0636831
1635.36	0.0645674
1638.38	0.0648737
1641.39	0.0632519
1644.41	0.062232
1647.43	0.0620822
1650.45	0.0590617
1653.46	0.0589903
1656.48	0.0567731
1659.5	0.0590024
1662.51	0.0607309
1665.53	0.0625674
1668.55	0.063414
1671.57	0.0614121
1674.58	0.0633765
1677.6	0.0592328
1680.62	0.0603029
1683.64	0.0619229
1686.65	0.0614207
1689.67	0.0627237
1692.69	0.0654736
1695.7	0.0645157
1698.72	0.0631788
1701.74	0.0625865
1704.76	0.0635655
1707.77	0.0590772
1710.79	0.0639743
1713.81	0.0638761
1716.83	0.0669163
1719.84	0.0615409
1722.86	0.0643925
1725.88	0.0594533
1728.89	0.0630562
1731.91	0.0631934
1734.93	0.0619833
1737.95	0.0592197
1740.96	0.0597868
1743.98	0.0608985
1747	0.0603045
1750.02	0.0613461
1753.03	0.0588839
1756.05	0.0567999
1759.07	0.0570192
1762.08	0.0571479
1765.1	0.0601061
1768.12	0.0574538
1771.14	0.0562992
1774.15	0.0563981
1777.17	0.0598631
1780.19	0.0560972
1783.21	0.0591825
1786.22	0.0563114
1789.24	0.0549088
1792.26	0.0547262
1795.27	0.0605183
1798.29	0.0574827
1801.31	0.0559298
1804.33	0.0580171
1807.34	0.0590782
1810.36	0.0570809
1813.38	0.0597335
1816.4	0.0543953
1819.41	0.0577413
1822.43	0.0565338
1825.45	0.0555586
1828.46	0.0562623
1831.48	0.0546058
1834.5	0.0536427
1837.52	0.0550458
1840.53	0.0562478
1843.55	0.0616556
1846.57	0.0585414
1849.58	0.0558115
1852.6	0.0550238
1855.62	0.0546735
1858.64	0.0530281
1861.65	0.0547064
1864.67	0.0546651
1867.69	0.0537793
1870.71	0.0539346
1873.72	0.0539389
1876.74	0.0522195
1879.76	0.0538211
1882.77	0.055209
1885.79	0.0510688
1888.81	0.0538431
1891.83	0.0523847
1894.84	0.0528203
1897.86	0.0541853
1900.88	0.0525263
1903.9	0.05298
1906.91	0.054528
1909.93	0.0532542
1912.95	0.051965
1915.96	0.0564479
1918.98	0.0586639
1922	0.0544696
1925.02	0.0544656
1928.03	0.0553485
1931.05	0.0547748
1934.07	0.0530404
1937.09	0.0562371
1940.1	0.0529653
1943.12	0.0574079
1946.14	0.0557428
1949.15	0.0558205
1952.17	0.0547138
1955.19	0.0545075
1958.21	0.0543807
1961.22	0.0543092
1964.24	0.0536699
1967.26	0.0557576
1970.28	0.054378
1973.29	0.0562233
1976.31	0.0578064
1979.33	0.0597108
1982.34	0.0575374
1985.36	0.0586767
1988.38	0.0581667
1991.4	0.0544128
1994.41	0.0592084
1997.43	0.053354
2000.45	0.060027
2003.47	0.0552496
2006.48	0.0574229
2009.5	0.0603351
2012.52	0.0614605
2015.53	0.0590411
2018.55	0.059243
2021.57	0.0595236
2024.59	0.0560064
2027.6	0.056596
2030.62	0.0560804
2033.64	0.0534847
2036.66	0.0543505
2039.67	0.055528
2042.69	0.0543395
2045.71	0.0517352
2048.72	0.0557431
2051.74	0.0551008
2054.76	0.0551506
2057.78	0.056854
2060.79	0.0551808
2063.81	0.0576798
2066.83	0.0559563
2069.85	0.0576702
2072.86	0.0534259
2075.88	0.0551281
2078.9	0.0563715
2081.91	0.0578714
2084.93	0.0540383
2087.95	0.056602
2090.97	0.0561474
2093.98	0.0607062
2097	0.0562387
2100.02	0.0535586
2103.04	0.0551861
2106.05	0.055877
2109.07	0.052871
2112.09	0.0570217
2115.1	0.0562691
2118.12	0.0548272
2121.14	0.0567721
2124.16	0.055567
2127.17	0.0547235
2130.19	0.0564627
2133.21	0.0616156
2136.23	0.0607602
2139.24	0.0598815
2142.26	0.0601005
2145.28	0.0612911
2148.29	0.0582844
2151.31	0.0577697
2154.33	0.0565071
2157.35	0.0553684
2160.36	0.0520992
2163.38	0.052259
2166.4	0.0584514
2169.42	0.0567389
2172.43	0.0596275
2175.45	0.0626376
2178.47	0.0593848
2181.48	0.0569587
2184.5	0.0535868
2187.52	0.0551954
2190.54	0.0533733
2193.55	0.052443
2196.57	0.0583362
2199.59	0.0555962
2202.61	0.0554616
2205.62	0.055216
2208.64	0.0558128
2211.66	0.0552086
2214.67	0.0589111
2217.69	0.0549944
2220.71	0.0543832
2223.73	0.0515681
2226.74	0.0513064
2229.76	0.0495228
2232.78	0.0505292
2235.8	0.0508259
2238.81	0.0503928
2241.83	0.0521857
2244.85	0.0477214
2247.86	0.0522117
2250.88	0.0496982
2253.9	0.0516439
2256.92	0.0486854
2259.93	0.0466239
2262.95	0.0477957
2265.97	0.0494697
2268.99	0.0479857
2272	0.0471375
2275.02	0.0491737
2278.04	0.0498879
2281.05	0.0507844
2284.07	0.0527415
2287.09	0.048017
2290.11	0.0481793
2293.12	0.0468599
2296.14	0.0521692
2299.16	0.0490801
2302.18	0.047438
2305.19	0.0480091
2308.21	0.0492836
2311.23	0.0484643
2314.24	0.0491783
2317.26	0.0477301
2320.28	0.0502717
2323.3	0.0493686
2326.31	0.0521416
2329.33	0.0536746
2332.35	0.051541
2335.37	0.0532172
2338.38	0.0514495
2341.4	0.0471817
2344.42	0.049958
2347.43	0.0481545
2350.45	0.0474763
2353.47	0.0465733
2356.49	0.0481029
2359.5	0.0489345
2362.52	0.0483411
2365.54	0.0510846
2368.56	0.0495247
2371.57	0.049744
2374.59	0.0495121
2377.61	0.0501072
2380.62	0.0479589
2383.64	0.0498151
2386.66	0.0513451
2389.68	0.0493205
2392.69	0.050099
2395.71	0.0515362
2398.73	0.0525108
2401.74	0.049937
2404.76	0.0490108
2407.78	0.0463059
2410.8	0.0459515
2413.81	0.0475373
2416.83	0.0471147
2419.85	0.0430384
2422.87	0.0461392
2425.88	0.0452475
2428.9	0.0423359
2431.92	0.0432163
2434.93	0.0418163
2437.95	0.0443086
2440.97	0.0410161
2443.99	0.040577
2447	0.042099
2450.02	0.0423589
2453.04	0.0411031
2456.06	0.0378109
2459.07	0.0387132
2462.09	0.036989
2465.11	0.0377176
2468.12	0.0404611
2471.14	0.0404043
2474.16	0.0375538
2477.18	0.0401278
2480.19	0.0410387
2483.21	0.0399942
2486.23	0.0349422
2489.25	0.0381747
2492.26	0.0400335
2495.28	0.0392439
2498.3	0.0386065
2501.31	0.036731
2504.33	0.0386574
2507.35	0.0381467
2510.37	0.0426393
2513.38	0.0368471
2516.4	0.0392564
2519.42	0.0416288
2522.44	0.040402
2525.45	0.0424027
2528.47	0.043576
2531.49	0.0409713
2534.5	0.0422289
2537.52	0.0417698
2540.54	0.0430639
2543.56	0.043308
2546.57	0.0409245
2549.59	0.0412019
2552.61	0.0417591
2555.63	0.0412833
2558.64	0.0402708
2561.66	0.0394458
2564.68	0.0395426
2567.69	0.0465015
2570.71	0.0469897
2573.73	0.0440053
2576.75	0.0425274
2579.76	0.0435124
2582.78	0.046182
2585.8	0.0453558
2588.82	0.0425689
2591.83	0.0429288
2594.85	0.0430727
2597.87	0.0414594
2600.88	0.0397629
2603.9	0.0414578
2606.92	0.0402515
2609.94	0.039783
2612.95	0.0414701
2615.97	0.0430577
2618.99	0.0416921
2622.01	0.0439023
2625.02	0.0414428
2628.04	0.0411549
2631.06	0.0428494
2634.07	0.0399465
2637.09	0.0399925
2640.11	0.039509
2643.13	0.0386387
2646.14	0.0375635
2649.16	0.038363
2652.18	0.0373818
2655.2	0.0401167
2658.21	0.0377487
2661.23	0.0343107
2664.25	0.0379385
2667.26	0.0387302
2670.28	0.0394512
2673.3	0.0377747
2676.32	0.0404126
2679.33	0.0431092
2682.35	0.0445649
2685.37	0.0446397
2688.39	0.0426725
2691.4	0.0399797
2694.42	0.0450884
2697.44	0.0412072
2700.45	0.0407813
2703.47	0.0411416
2706.49	0.0425374
2709.51	0.039249
2712.52	0.0403385
2715.54	0.0399253
2718.56	0.037274
2721.58	0.0400149
2724.59	0.0409467
2727.61	0.0414012
2730.63	0.0407179
2733.64	0.0420749
2736.66	0.0421092
2739.68	0.0409822
2742.7	0.0402566
2745.71	0.0432807
2748.73	0.0401695
2751.75	0.0407854
2754.77	0.0419796
2757.78	0.0453837
2760.8	0.041265
2763.82	0.0396426
2766.83	0.0369901
2769.85	0.0387038
2772.87	0.0404541
2775.89	0.0390629
2778.9	0.0366637
2781.92	0.0383821
2784.94	0.0382715
2787.96	0.0388381
2790.97	0.0378969
2793.99	0.0384703
2797.01	0.0364011
2800.02	0.036518
2803.04	0.0362976
2806.06	0.0374947
2809.08	0.0345757
2812.09	0.0341725
2815.11	0.0359554
2818.13	0.0335932
2821.15	0.0357382
2824.16	0.0349943
2827.18	0.035662
2830.2	0.0355019
2833.21	0.0361139
2836.23	0.0387645
2839.25	0.0371498
2842.27	0.0354271
2845.28	0.0375592
2848.3	0.0379935
2851.32	0.0361238
2854.34	0.0346184
2857.35	0.0349042
2860.37	0.0367613
2863.39	0.0379793
2866.4	0.0350117
2869.42	0.035764
2872.44	0.0382137
2875.46	0.036414
2878.47	0.037457
2881.49	0.0366768
2884.51	0.036002
2887.53	0.0349204
2890.54	0.0328926
2893.56	0.0328751
2896.58	0.0373397
2899.59	0.0392156
2902.61	0.0360954
2905.63	0.0351529
2908.65	0.0346701
2911.66	0.0333
2914.68	0.0353427
2917.7	0.0348378
2920.71	0.0367667
2923.73	0.0360339
2926.75	0.0379717
2929.77	0.0374233
2932.78	0.0383281
2935.8	0.0384557
2938.82	0.0388195
2941.84	0.0402049
2944.85	0.0397615
2947.87	0.0377588
2950.89	0.0387206
2953.9	0.0383576
2956.92	0.0359304
2959.94	0.0357665
2962.96	0.0335955
2965.97	0.0349327
2968.99	0.0355918
2972.01	0.0350499
2975.03	0.0347661
2978.04	0.0350233
2981.06	0.0326936
2984.08	0.0346577
2987.09	0.0391889
2990.11	0.0351943
2993.13	0.0351744
2996.15	0.0345571
2999.16	0.0312524
3002.18	0.0373391
3005.2	0.0342966
3008.22	0.0360046
3011.23	0.0345558
3014.25	0.0350612
3017.27	0.032365
3020.28	0.0316515
3023.3	0.0334092
3026.32	0.0318325
3029.34	0.0312805
3032.35	0.034092
3035.37	0.0324234
3038.39	0.0313901
3041.41	0.0307129
3044.42	0.0356138
3047.44	0.0327196
3050.46	0.0312144
3053.47	0.0340745
3056.49	0.0312883
3059.51	0.0296945
3062.53	0.0327878
3065.54	0.0340558
3068.56	0.0341567
3071.58	0.0322965
3074.6	0.0309613
3077.61	0.0320489
3080.63	0.0327884
3083.65	0.0317803
3086.66	0.0335552
3089.68	0.032235
3092.7	0.0316812
3095.72	0.0315131
3098.73	0.0341921
3101.75	0.0313537
3104.77	0.030032
3107.79	0.0312599
3110.8	0.0305512
3113.82	0.031437
3116.84	0.0312541
3119.85	0.0322733
3122.87	0.0301122
3125.89	0.029255
3128.91	0.0302239
3131.92	0.0292437
3134.94	0.0284589
3137.96	0.028671
3140.98	0.029514
3143.99	0.0300179
3147.01	0.0316069
3150.03	0.0315731
3153.04	0.0268837
3156.06	0.0305781
3159.08	0.0289645
3162.1	0.0303677
3165.11	0.0288465
3168.13	0.0298528
3171.15	0.0292786
3174.17	0.0293061
3177.18	0.0294667
3180.2	0.0287467
3183.22	0.0305546
3186.23	0.0333427
3189.25	0.0296815
3192.27	0.035949
3195.29	0.0354885
3198.3	0.0314509
3201.32	0.0287013
3204.34	0.0281336
3207.36	0.0300897
3210.37	0.0299314
3213.39	0.0278406
3216.41	0.0285041
3219.42	0.0295048
3222.44	0.0295537
3225.46	0.0279445
3228.48	0.0277541
3231.49	0.027973
3234.51	0.0313273
3237.53	0.0312071
3240.55	0.0281869
3243.56	0.0289391
3246.58	0.0290225
3249.6	0.0282024
3252.61	0.0303707
3255.63	0.0273424
3258.65	0.02895
3261.67	0.0285755
3264.68	0.0274252
3267.7	0.0288936
3270.72	0.0280868
3273.74	0.0298146
3276.75	0.0312466
3279.77	0.0314992
3282.79	0.0314596
3285.8	0.0288363
3288.82	0.0268495
3291.84	0.0272697
3294.86	0.0310589
3297.87	0.0289611
3300.89	0.0291027
3303.91	0.0313492
3306.93	0.0283874
3309.94	0.0306517
3312.96	0.0302563
3315.98	0.0310823
3318.99	0.0301345
3322.01	0.0293146
3325.03	0.0289364
3328.05	0.0278194
3331.06	0.0306201
3334.08	0.0275267
3337.1	0.0277261
3340.12	0.0250948
3343.13	0.0261186
3346.15	0.0268643
3349.17	0.0266395
3352.18	0.0303939
3355.2	0.0282331
3358.22	0.0273084
3361.24	0.026988
3364.25	0.027627
3367.27	0.0283769
3370.29	0.0284285
3373.31	0.0281506
3376.32	0.0275349
3379.34	0.0259121
3382.36	0.0289048
3385.37	0.027484
3388.39	0.0305097
3391.41	0.0303314
3394.43	0.0308802
3397.44	0.0296162
3400.46	0.0301739
3403.48	0.0303876
3406.5	0.0346082
3409.51	0.0320452
3412.53	0.0330406
3415.55	0.0328066
3418.56	0.0318802
3421.58	0.0317118
3424.6	0.0321457
3427.62	0.0302644
3430.63	0.0318645
3433.65	0.0340792
3436.67	0.0317426
3439.68	0.0334997
3442.7	0.0322513
3445.72	0.0321228
3448.74	0.0338887
3451.75	0.03489
3454.77	0.0358669
3457.79	0.0303742
3460.81	0.0305173
3463.82	0.0302941
3466.84	0.0320206
3469.86	0.0327036
3472.87	0.0343726
3475.89	0.0347588
3478.91	0.0309879
3481.93	0.030642
3484.94	0.031888
3487.96	0.03354
3490.98	0.0327134
3494	0.0326158
3497.01	0.03316
3500.03	0.0317067
3503.05	0.0311426
3506.06	0.0321182
3509.08	0.0327825
3512.1	0.033441
3515.12	0.0304976
3518.13	0.03062
3521.15	0.0283076
3524.17	0.0290074
3527.19	0.030388
3530.2	0.0297292
3533.22	0.030797
3536.24	0.0272782
3539.25	0.0301818
3542.27	0.0301163
3545.29	0.0313025
3548.31	0.0299454
3551.32	0.0306709
3554.34	0.0307362
3557.36	0.0293491
3560.38	0.0288005
3563.39	0.0289805
3566.41	0.0274237
3569.43	0.0287144
3572.44	0.0279403
3575.46	0.0290136
3578.48	0.0299197
3581.5	0.0271619
3584.51	0.0268867
3587.53	0.0277178
3590.55	0.0302512
3593.57	0.0280688
3596.58	0.0299141
3599.6	0.0301663
3602.62	0.0302261
3605.63	0.0305973
3608.65	0.0303158
3611.67	0.0308754
3614.69	0.0290655
3617.7	0.0295075
3620.72	0.031781
3623.74	0.0314683
3626.76	0.0298843
3629.77	0.0290127
3632.79	0.0292595
3635.81	0.0314984
3638.82	0.0319855
3641.84	0.0329267
3644.86	0.0307227
3647.88	0.0292685
3650.89	0.0289354
3653.91	0.0296723
3656.93	0.0293663
3659.95	0.0296737
3662.96	0.0302264
3665.98	0.0310243
3669	0.0295292
3672.01	0.0284834
3675.03	0.0260602
3678.05	0.026481
3681.07	0.026351
3684.08	0.0295613
3687.1	0.0289391
3690.12	0.0295742
3693.14	0.0292364
3696.15	0.0266832
3699.17	0.0277116
3702.19	0.0273143
3705.2	0.0270435
3708.22	0.0308179
3711.24	0.0273399
3714.26	0.0277609
3717.27	0.0273762
3720.29	0.0269242
3723.31	0.0301038
3726.33	0.028257
3729.34	0.0268717
3732.36	0.0279631
3735.38	0.0264998
3738.39	0.0268064
3741.41	0.026129
3744.43	0.0272795
3747.45	0.024368
3750.46	0.0252804
3753.48	0.0260238
3756.5	0.0273157
3759.52	0.0242458
3762.53	0.0247091
3765.55	0.0272254
3768.57	0.0243586
3771.58	0.0229862
3774.6	0.0216892
3777.62	0.0210324
3780.64	0.0220265
3783.65	0.0235349
3786.67	0.0210857
3789.69	0.0206954
3792.71	0.0214964
3795.72	0.0215969
3798.74	0.0214644
3801.76	0.0232808
3804.77	0.0233343
3807.79	0.0222633
3810.81	0.0236431
3813.83	0.0216757
3816.84	0.0234788
3819.86	0.0236814
3822.88	0.0237313
3825.9	0.0235363
3828.91	0.0239562
3831.93	0.0267076
3834.95	0.026439
3837.96	0.0253586
3840.98	0.0251252
3844	0.0231322
3847.02	0.023602
3850.03	0.0224631
3853.05	0.0210895
3856.07	0.0228521
3859.09	0.0228573
3862.1	0.0232916
3865.12	0.0248888
3868.14	0.0238737
3871.15	0.0226811
3874.17	0.0245824
3877.19	0.0256469
3880.21	0.0265494
3883.22	0.0255383
3886.24	0.026405
3889.26	0.0240906
3892.28	0.024179
3895.29	0.0241711
3898.31	0.0252258
3901.33	0.023544
3904.34	0.0243015
3907.36	0.0228962
3910.38	0.0237852
3913.4	0.0219958
3916.41	0.0215194
3919.43	0.0221262
3922.45	0.0221795
3925.47	0.0228938
3928.48	0.0229906
3931.5	0.0212869
3934.52	0.022058
3937.53	0.0212399
3940.55	0.0218485
3943.57	0.0234573
3946.59	0.0235472
3949.6	0.0248077
3952.62	0.0236383
3955.64	0.0258483
3958.66	0.0246945
3961.67	0.0243657
3964.69	0.0248381
3967.71	0.0247252
3970.72	0.0266175
3973.74	0.025601
3976.76	0.0265476
3979.78	0.0237038
3982.79	0.0243383
3985.81	0.0256159
3988.83	0.0228232
3991.84	0.0268001
3994.86	0.0255155
3997.88	0.0227652
4000.9	0.0217483
4003.91	0.0264948
4006.93	0.0249542
4009.95	0.0267116
4012.97	0.0232823
4015.98	0.0244025
4019	0.024326
4022.02	0.025146
4025.03	0.0229575
4028.05	0.0235012
4031.07	0.0249777
4034.09	0.0245486
4037.1	0.0227483
4040.12	0.0257191
4043.14	0.024014
4046.16	0.0222123
4049.17	0.0221584
4052.19	0.0237123
4055.21	0.0231267
4058.22	0.0221851
4061.24	0.024262
4064.26	0.0234548
4067.28	0.02525
4070.29	0.0241196
4073.31	0.0246039
4076.33	0.0228291
4079.35	0.0259934
4082.36	0.0255489
4085.38	0.0248376
4088.4	0.0265201
4091.41	0.0270748
4094.43	0.0249728
4097.45	0.0240536
4100.47	0.0251222
4103.48	0.0214069
4106.5	0.0217386
4109.52	0.0251353
4112.54	0.0227191
4115.55	0.0237933
4118.57	0.0241638
4121.59	0.0243162
4124.6	0.0254199
4127.62	0.0244703
4130.64	0.0241732
4133.66	0.0225439
4136.67	0.0242933
4139.69	0.022991
4142.71	0.0233101
4145.73	0.0239355
4148.74	0.0218037
4151.76	0.0226673
4154.78	0.0249182
4157.79	0.0224666
4160.81	0.0229811
4163.83	0.0236745
4166.85	0.0208663
4169.86	0.0191674
4172.88	0.0203216
4175.9	0.0236544
4178.92	0.0222302
4181.93	0.023259
4184.95	0.0217103
4187.97	0.0237588
4190.98	0.0235071
4194	0.0235281
4197.02	0.0217719
4200.04	0.0220656
4203.05	0.020608
4206.07	0.0224342
4209.09	0.0241349
4212.11	0.0209331
4215.12	0.0193194
4218.14	0.0198229
4221.16	0.0206393
4224.17	0.021703
4227.19	0.0197869
4230.21	0.0198095
4233.23	0.0189682
4236.24	0.0223487
4239.26	0.0205937
4242.28	0.0229403
4245.3	0.0216314
4248.31	0.0202884
4251.33	0.0200115
4254.35	0.0201522
4257.36	0.0204922
4260.38	0.0203843
4263.4	0.0217146
4266.42	0.0209363
4269.43	0.0227071
4272.45	0.0207403
4275.47	0.0186941
4278.49	0.0199181
4281.5	0.0190402
4284.52	0.0201767
4287.54	0.0193381
4290.55	0.0194607
4293.57	0.0211079
4296.59	0.0190411
4299.61	0.0200488
4302.62	0.0232817
4305.64	0.0194255
4308.66	0.018655
4311.68	0.0203197
4314.69	0.0193544
4317.71	0.0194249
4320.73	0.0207991
4323.74	0.0193169
4326.76	0.0231286
4329.78	0.0224281
4332.8	0.0205443
4335.81	0.0205008
4338.83	0.0204495
4341.85	0.0190926
4344.87	0.0202099
4347.88	0.0214416
4350.9	0.0226923
4353.92	0.0185791
4356.93	0.0210285
4359.95	0.0169861
4362.97	0.0179621
4365.99	0.0187669
4369	0.0182278
4372.02	0.0173754
4375.04	0.0201722
4378.06	0.017123
4381.07	0.0182607
4384.09	0.0186689
4387.11	0.0190712
4390.12	0.0182485
4393.14	0.0186107
4396.16	0.0155588
4399.18	0.0167846
4402.19	0.0165245
4405.21	0.017135
4408.23	0.0169735
4411.25	0.017161
4414.26	0.0154901
4417.28	0.0142158
4420.3	0.016328
4423.31	0.0159757
4426.33	0.0163045
4429.35	0.0160574
4432.37	0.0165487
4435.38	0.0180758
4438.4	0.0155776
4441.42	0.0180283
4444.44	0.0169089
4447.45	0.0177424
4450.47	0.0214626
4453.49	0.0218744
4456.5	0.0189761
4459.52	0.0183548
4462.54	0.0172843
4465.56	0.0165018
4468.57	0.018599
4471.59	0.0164977
4474.61	0.0157582
4477.63	0.018653
4480.64	0.0163388
4483.66	0.0164631
4486.68	0.0167441
4489.69	0.0158549
4492.71	0.0158411
4495.73	0.0161466
4498.75	0.0163141
4501.76	0.0151178
4504.78	0.0172507
4507.8	0.0156272
4510.81	0.0161976
4513.83	0.0161841
4516.85	0.0156728
4519.87	0.0173387
4522.88	0.0175584
4525.9	0.0156024
4528.92	0.0147577
4531.94	0.0140762
4534.95	0.0151849
4537.97	0.0142005
4540.99	0.0162137
4544	0.0159405
4547.02	0.0149251
4550.04	0.0154285
4553.06	0.0163318
4556.07	0.0148952
4559.09	0.0170001
4562.11	0.0174879
4565.13	0.0165338
4568.14	0.0142969
4571.16	0.014021
4574.18	0.0143884
4577.19	0.0166575
4580.21	0.0156488
4583.23	0.0177599
4586.25	0.0186472
4589.26	0.0178775
4592.28	0.0165432
4595.3	0.0159233
4598.32	0.0155282
4601.33	0.0130031
4604.35	0.0129248
4607.37	0.0133226
4610.38	0.014662
4613.4	0.0132253
4616.42	0.0129696
4619.44	0.0132675
4622.45	0.0133182
4625.47	0.0117663
4628.49	0.0128609
4631.51	0.0125527
4634.52	0.0133637
4637.54	0.0139401
4640.56	0.0118493
4643.57	0.0118442
4646.59	0.011707
4649.61	0.0122127
4652.63	0.0117816
4655.64	0.0118131
4658.66	0.0121401
4661.68	0.0119461
4664.7	0.0135074
4667.71	0.0122664
4670.73	0.0123666
4673.75	0.0123458
4676.76	0.0115651
4679.78	0.0119366
4682.8	0.0124438
4685.82	0.0111937
4688.83	0.0114055
4691.85	0.0118485
4694.87	0.0119326
4697.89	0.0114762
4700.9	0.0134811
4703.92	0.0132567
4706.94	0.0126883
4709.95	0.0138101
4712.97	0.0133842
4715.99	0.0128682
4719.01	0.015219
4722.02	0.0134076
4725.04	0.0132537
4728.06	0.0129748
4731.08	0.0111841
4734.09	0.0114311
4737.11	0.011305
4740.13	0.011787
4743.14	0.01064
4746.16	0.0115707
4749.18	0.0125771
4752.2	0.0115155
4755.21	0.0114262
4758.23	0.0119722
4761.25	0.0127462
4764.27	0.0128014
4767.28	0.0130413
4770.3	0.0136153
4773.32	0.0131391
4776.33	0.012038
4779.35	0.0138591
4782.37	0.0119855
4785.39	0.0138868
4788.4	0.0130947
4791.42	0.0136943
4794.44	0.0131365
4797.46	0.015333
4800.47	0.0153288
4803.49	0.0122824
4806.51	0.0123715
4809.52	0.0132839
4812.54	0.0131437
4815.56	0.0125375
4818.58	0.0134378
4821.59	0.0120138
4824.61	0.0124494
4827.63	0.0116988
4830.65	0.0111568
4833.66	0.0134465
4836.68	0.0152636
4839.7	0.0123483
4842.71	0.0113083
4845.73	0.0132492
4848.75	0.0121212
4851.77	0.0125315
4854.78	0.012471
4857.8	0.0115667
4860.82	0.0105668
4863.84	0.0103268
4866.85	0.00992397
4869.87	0.0101816
4872.89	0.0111597
4875.9	0.0123037
4878.92	0.0126891
4881.94	0.0122888
4884.96	0.0115673
4887.97	0.0118079
4890.99	0.0107386
4894.01	0.0101014
4897.03	0.0118258
4900.04	0.0124379
4903.06	0.014115
4906.08	0.0129029
4909.09	0.0143702
4912.11	0.0125631
4915.13	0.0130231
4918.15	0.0133215
4921.16	0.0160588
4924.18	0.0125775
4927.2	0.0121565
4930.22	0.0118071
4933.23	0.0110521
4936.25	0.0130151
4939.27	0.0113627
4942.28	0.0100402
4945.3	0.010069
4948.32	0.0106902
4951.34	0.0104433
4954.35	0.0116025
4957.37	0.0112793
4960.39	0.0114235
4963.41	0.0125159
4966.42	0.0136679
4969.44	0.0134785
4972.46	0.0124341
4975.47	0.0105184
4978.49	0.0110406
4981.51	0.0109988
4984.53	0.0119761
4987.54	0.0122879
4990.56	0.0100253
4993.58	0.00911061
4996.6	0.0117016
4999.61	0.00982238
5002.63	0.0109772
5005.65	0.00989391
5008.66	0.0109597
5011.68	0.0101224
5014.7	0.00982832
5017.72	0.00953022
5020.73	0.0103291
5023.75	0.00912541
5026.77	0.0110997
5029.78	0.00992141
5032.8	0.00958136
5035.82	0.0101342
5038.84	0.0114452
5041.85	0.010039
5044.87	0.00895937
5047.89	0.0105773
5050.91	0.00956397
5053.92	0.00867731
5056.94	0.00982509
5059.96	0.0114691
5062.97	0.0100523
5065.99	0.01096
5069.01	0.0112106
5072.03	0.0107241
5075.04	0.00943674
5078.06	0.00971828
5081.08	0.0117874
5084.1	0.0123257
5087.11	0.011825
5090.13	0.00955967
5093.15	0.00981847
5096.16	0.0092006
5099.18	0.00925653
5102.2	0.0100658
5105.22	0.0094043
5108.23	0.00937895
5111.25	0.00982164
5114.27	0.00935351
5117.29	0.010143
5120.3	0.010327
5123.32	0.0107639
5126.34	0.0093336
5129.35	0.0100855
5132.37	0.0115599
5135.39	0.0108119
5138.41	0.0108246
5141.42	0.0100195
5144.44	0.010308
5147.46	0.00957988
5150.48	0.0114543
5153.49	0.0104952
5156.51	0.00972357
5159.53	0.0126484
5162.54	0.0113689
5165.56	0.0109169
5168.58	0.0111683
5171.6	0.0104404
5174.61	0.0120266
5177.63	0.0103618
5180.65	0.0108793
5183.67	0.00919651
5186.68	0.00938147
5189.7	0.00913367
5192.72	0.00836893
5195.73	0.00735628
5198.75	0.00828359
5201.77	0.00817455
5204.79	0.0093254
5207.8	0.00907423
5210.82	0.00904607
5213.84	0.00911443
5216.86	0.00991195
5219.87	0.0101019
5222.89	0.00905495
5225.91	0.00719971
5228.92	0.0073071
5231.94	0.00768029
5234.96	0.00695064
5237.98	0.00720232
5240.99	0.00711136
5244.01	0.00794151
5247.03	0.00764709
5250.05	0.00792232
5253.06	0.00689502
5256.08	0.00819356
5259.1	0.0064618
5262.11	0.00709911
5265.13	0.00677323
5268.15	0.00667115
5271.17	0.00603525
5274.18	0.00608499
5277.2	0.0059875
5280.22	0.00653882
5283.24	0.00754508
5286.25	0.00695327
5289.27	0.00702481
5292.29	0.0064029
5295.3	0.00726298
5298.32	0.00745703
5301.34	0.00661924
5304.36	0.00778954
5307.37	0.00714073
5310.39	0.00643469
5313.41	0.00818723
5316.43	0.00710594
5319.44	0.00846855
5322.46	0.00844829
5325.48	0.00881399
5328.49	0.00959055
5331.51	0.00854574
5334.53	0.00966179
5337.55	0.00899119
5340.56	0.00916574
5343.58	0.00839214
5346.6	0.00875504
5349.62	0.00834663
5352.63	0.00816611
5355.65	0.00778372
5358.67	0.00816607
5361.68	0.00764105
5364.7	0.00684903
5367.72	0.00680966
5370.74	0.00756076
5373.75	0.00797674
5376.77	0.00734131
5379.79	0.00752373
5382.81	0.00712934
5385.82	0.00845697
5388.84	0.00903613
5391.86	0.00814561
5394.87	0.00741947
5397.89	0.00685771
5400.91	0.00815883
5403.93	0.00906429
5406.94	0.00781194
5409.96	0.00681528
5412.98	0.00813519
5416	0.00815746
5419.01	0.00737286
5422.03	0.00791268
5425.05	0.00944024
5428.06	0.00840075
5431.08	0.00761635
5434.1	0.00797988
5437.12	0.00692339
5440.13	0.00800782
5443.15	0.00748042
5446.17	0.00678258
5449.19	0.00699738
5452.2	0.00639151
5455.22	0.00639841
5458.24	0.00545283
5461.25	0.00639121
5464.27	0.00679463
5467.29	0.00624926
5470.31	0.00676184
5473.32	0.00766428
5476.34	0.00760056
5479.36	0.00649554
5482.38	0.00810175
5485.39	0.00901816
5488.41	0.00977337
5491.43	0.0105202
5494.44	0.0092877
5497.46	0.00824909
5500.48	0.0067967
5503.5	0.00701069
5506.51	0.00646511
5509.53	0.00664617
5512.55	0.0077867
5515.57	0.00643449
5518.58	0.00659596
5521.6	0.00711649
5524.62	0.00762049
5527.63	0.00603627
5530.65	0.00748393
5533.67	0.00817291
5536.69	0.0072104
5539.7	0.00616217
5542.72	0.00608966
5545.74	0.00784778
5548.75	0.00733044
5551.77	0.00763578
5554.79	0.00828361
5557.81	0.00729864
5560.82	0.00593568
5563.84	0.00616635
5566.86	0.00712623
5569.88	0.00637144
5572.89	0.00730134
5575.91	0.00667066
5578.93	0.00743029
5581.94	0.00797151
5584.96	0.00917389
5587.98	0.00897413
5591	0.00859169
5594.01	0.0100303
5597.03	0.00840139
5600.05	0.00754469
5603.07	0.00728389
5606.08	0.0105246
5609.1	0.00919703
5612.12	0.0101245
5615.13	0.00928158
5618.15	0.0095676
5621.17	0.0117157
5624.19	0.00910286
5627.2	0.0110781
5630.22	0.0105884
5633.24	0.0105551
5636.26	0.00914685
5639.27	0.0101653
5642.29	0.00858034
5645.31	0.00952029
5648.32	0.0101201
5651.34	0.00710884
5654.36	0.00716691
5657.38	0.00787467
5660.39	0.00819377
5663.41	0.00737844
5666.43	0.00715601
5669.45	0.00717645
5672.46	0.00817424
5675.48	0.00760593
5678.5	0.00770879
5681.51	0.00802655
5684.53	0.00944521
5687.55	0.00705453
5690.57	0.00796714
5693.58	0.00889654
5696.6	0.00833399
5699.62	0.00918087
5702.64	0.00697744
5705.65	0.00742203
5708.67	0.00680715
5711.69	0.00571911
5714.7	0.0052782
5717.72	0.00601809
5720.74	0.00619587
5723.76	0.00647314
5726.77	0.00722392
5729.79	0.0060682
5732.81	0.00802449
5735.83	0.00816056
5738.84	0.00803566
5741.86	0.00785168
5744.88	0.0059546
5747.89	0.00719579
5750.91	0.00628426
5753.93	0.00632278
5756.95	0.00709552
5759.96	0.00692177
5762.98	0.00677785
5766	0.00784163
5769.02	0.00783402
5772.03	0.00741833
5775.05	0.00734146
5778.07	0.00620448
5781.08	0.00732896
5784.1	0.00750266
5787.12	0.00735714
5790.14	0.00763887
5793.15	0.0079772
5796.17	0.00763245
5799.19	0.00727162
5802.21	0.00631548
5805.22	0.00591298
5808.24	0.00541035
5811.26	0.00602949
5814.27	0.00531038
5817.29	0.00430174
5820.31	0.00505963
5823.33	0.00517227
5826.34	0.005674
5829.36	0.00589615
5832.38	0.00525412
5835.4	0.00558048
5838.41	0.00495679
5841.43	0.00528282
5844.45	0.00471812
5847.46	0.00530925
5850.48	0.00527268
5853.5	0.00501456
5856.52	0.00453223
5859.53	0.00349985
5862.55	0.00460946
5865.57	0.00510116
5868.59	0.00452148
5871.6	0.00482669
5874.62	0.00461999
5877.64	0.00489732
5880.65	0.00454541
5883.67	0.00459353
5886.69	0.00589238
5889.71	0.00389247
5892.72	0.00395299
5895.74	0.0031776
5898.76	0.00359384
5901.78	0.0037484
5904.79	0.00344164
5907.81	0.00440307
5910.83	0.00484523
5913.84	0.004161
5916.86	0.0046324
5919.88	0.00376377
5922.9	0.00417175
5925.91	0.00465241
5928.93	0.00406857
5931.95	0.00433323
5934.97	0.00355877
5937.98	0.0035429
5941	0.0038849
5944.02	0.00402006
5947.03	0.00401433
5950.05	0.00386387
5953.07	0.0041505
5956.09	0.00351399
5959.1	0.00406379
5962.12	0.00439552
5965.14	0.00344198
5968.16	0.00378543
5971.17	0.00342376
5974.19	0.00349779
5977.21	0.00528189
5980.22	0.00392587
5983.24	0.00330704
5986.26	0.00359866
5989.28	0.00344266
5992.29	0.00395535
5995.31	0.00361209
5998.33	0.00341635
6001.35	0.00386654
6004.36	0.00435575
6007.38	0.0041804
6010.4	0.00484986
6013.41	0.0048246
6016.43	0.00454366
6019.45	0.00390943
6022.47	0.00425263
6025.48	0.00485165
6028.5	0.00457135
6031.52	0.00458855
6034.54	0.00481157
6037.55	0.00508784
6040.57	0.00498697
6043.59	0.00538405
6046.6	0.00558923
6049.62	0.00628969
6052.64	0.00463784
6055.66	0.00651003
6058.67	0.00650056
6061.69	0.00649613
6064.71	0.00661939
6067.73	0.00521525
6070.74	0.00633324
6073.76	0.00656833
6076.78	0.00805926
6079.79	0.00526567
6082.81	0.00495298
6085.83	0.00576041
6088.85	0.00551717
6091.86	0.00535141
6094.88	0.00493299
6097.9	0.00482553
6100.91	0.00483403
6103.93	0.00503796
6106.95	0.00477715
6109.97	0.00548446
6112.98	0.00453768
6116	0.00450067
6119.02	0.00451087
6122.04	0.00441276
6125.05	0.00593307
6128.07	0.00601676
6131.09	0.00679536
6134.1	0.00526567
6137.12	0.00601375
6140.14	0.00601725
6143.16	0.00758802
6146.17	0.00616637
6149.19	0.00631542
6152.21	0.00446006
6155.23	0.00394393
6158.24	0.0044639
6161.26	0.00549038
6164.28	0.00466649
6167.29	0.00390787
6170.31	0.00559554
6173.33	0.00569882
6176.35	0.00532851
6179.36	0.00579829
6182.38	0.00429359
6185.4	0.00460675
6188.42	0.00470523
6191.43	0.00519731
6194.45	0.00401301
6197.47	0.00494008
6200.48	0.00556344
6203.5	0.00403199
6206.52	0.00525868
6209.54	0.00510434
6212.55	0.0068723
6215.57	0.00610658
6218.59	0.00754838
6221.61	0.00693302
6224.62	0.00593595
6227.64	0.00693011
6230.66	0.0063483
6233.67	0.00694024
6236.69	0.00613489
6239.71	0.00576383
6242.73	0.00687323
6245.74	0.00535501
6248.76	0.00471346
6251.78	0.0039878
6254.8	0.00413612
6257.81	0.00511144
6260.83	0.00390094
6263.85	0.00402231
6266.86	0.00398894
6269.88	0.0037565
6272.9	0.00358852
6275.92	0.00408272
6278.93	0.00359181
6281.95	0.00463645
6284.97	0.00420741
6287.99	0.00440765
6291	0.00395725
6294.02	0.00381958
6297.04	0.00483255
6300.05	0.0043875
6303.07	0.00459281
6306.09	0.00387671
6309.11	0.00350369
6312.12	0.00372784
6315.14	0.00339421
6318.16	0.00496375
6321.18	0.00588176
6324.19	0.00452264
6327.21	0.00575155
6330.23	0.00547531
6333.24	0.0047981
6336.26	0.00535026
6339.28	0.00467369
6342.3	0.00576453
6345.31	0.00536151
6348.33	0.0046353
6351.35	0.00544899
6354.37	0.00610977
6357.38	0.00564019
6360.4	0.00808525
6363.42	0.00695234
6366.43	0.00576704
6369.45	0.0056555
6372.47	0.00605125
6375.49	0.00443383
6378.5	0.00416358
6381.52	0.00376142
6384.54	0.00369668
6387.56	0.00407221
6390.57	0.00449263
6393.59	0.00426849
6396.61	0.00473257
6399.62	0.00492757
6402.64	0.00354231
6405.66	0.00399805
6408.68	0.00369886
6411.69	0.00360848
6414.71	0.00365025
6417.73	0.00495992
6420.75	0.00472651
6423.76	0.00317582
6426.78	0.00299438
6429.8	0.00287036
6432.81	0.00276939
6435.83	0.0027271
6438.85	0.00329961
6441.87	0.00296725
6444.88	0.00302877
6447.9	0.00330491
6450.92	0.00385974
6453.94	0.00313426
6456.95	0.00389816
6459.97	0.00333153
6462.99	0.00394473
6466	0.00304373
6469.02	0.00385036
6472.04	0.00471065
6475.06	0.00321178
6478.07	0.00324616
6481.09	0.0045563
6484.11	0.00649507
6487.13	0.00611214
6490.14	0.0072934
6493.16	0.00439466
6496.18	0.00435952
6499.19	0.0038268
6502.21	0.00405034
6505.23	0.00282917
6508.25	0.00311186
6511.26	0.00296588
6514.28	0.00309337
6517.3	0.00349014
6520.32	0.00398877
6523.33	0.00363523
6526.35	0.00321282
6529.37	0.00355645
6532.38	0.00392109
6535.4	0.00259145
6538.42	0.00379583
6541.44	0.00378658
6544.45	0.00343511
6547.47	0.00378508
6550.49	0.00404527
6553.51	0.00427595
6556.52	0.00458686
6559.54	0.0041877
6562.56	0.00372273
6565.57	0.00376076
6568.59	0.00427519
6571.61	0.00378489
6574.63	0.00469987
6577.64	0.00374681
6580.66	0.00380337
6583.68	0.00471836
6586.7	0.00435269
6589.71	0.00337239
6592.73	0.0034828
6595.75	0.00384769
6598.76	0.00386541
6601.78	0.00431135
6604.8	0.0051284
6607.82	0.00455203
6610.83	0.00351421
6613.85	0.00341837
6616.87	0.00479266
6619.88	0.00451146
6622.9	0.00515574
6625.92	0.00466262
6628.94	0.00360445
6631.95	0.00576259
6634.97	0.00546636
6637.99	0.00491755
6641.01	0.00594525
6644.02	0.00640003
6647.04	0.00593051
6650.06	0.00453036
6653.07	0.00541861
6656.09	0.0036786
6659.11	0.00415309
6662.13	0.00390812
6665.14	0.00383831
6668.16	0.00400423
6671.18	0.00409355
6674.2	0.0048257
6677.21	0.00494653
6680.23	0.00438423
6683.25	0.00355108
6686.26	0.00331568
6689.28	0.00347002
6692.3	0.00222319
6695.32	0.00261159
6698.33	0.0041654
6701.35	0.00300317
6704.37	0.00313138
6707.39	0.00525625
6710.4	0.00467171
6713.42	0.0049718
6716.44	0.00522525
6719.45	0.00371995
6722.47	0.00347435
6725.49	0.0047653
6728.51	0.00409418
6731.52	0.00386233
6734.54	0.00301453
6737.56	0.00347065
6740.58	0.00380625
6743.59	0.00448555
6746.61	0.00293814
6749.63	0.00342962
6752.64	0.00369427
6755.66	0.00255255
6758.68	0.00293041
6761.7	0.00271219
6764.71	0.00283399
6767.73	0.0027566
6770.75	0.00233991
6773.77	0.00357982
6776.78	0.00312601
6779.8	0.00288549
6782.82	0.00231173
6785.83	0.00253248
6788.85	0.00346008
6791.87	0.00314199
6794.89	0.00352498
6797.9	0.00433024
6800.92	0.00353013
6803.94	0.00344626
6806.96	0.00446783
6809.97	0.0047802
6812.99	0.00349973
6816.01	0.00283664
6819.02	0.00284224
6822.04	0.0028327
6825.06	0.00243537
6828.08	0.00306092
6831.09	0.00321071
6834.11	0.00272981
6837.13	0.00315021
6840.15	0.00298583
6843.16	0.00268108
6846.18	0.00319579
6849.2	0.0030061
6852.21	0.00283898
6855.23	0.00363597
6858.25	0.00255763
6861.27	0.00217603
6864.28	0.00303481
6867.3	0.00173856
6870.32	0.00184885
6873.34	0.00179788
6876.35	0.0021466
6879.37	0.00216659
6882.39	0.002345
6885.4	0.00261901
6888.42	0.00290557
6891.44	0.00320886
6894.46	0.00207139
6897.47	0.00197616
6900.49	0.00210135
6903.51	0.00257928
6906.53	0.00203847
6909.54	0.0027042
6912.56	0.00198421
6915.58	0.00193358
6918.59	0.00166043
6921.61	0.0016193
6924.63	0.00229799
6927.65	0.001476
6930.66	0.0013531
6933.68	0.00209115
6936.7	0.00237455
6939.72	0.002126
6942.73	0.00318202
6945.75	0.00239966
6948.77	0.00179127
6951.78	0.00172474
6954.8	0.00230848
6957.82	0.00269322
6960.84	0.00272186
6963.85	0.00120057
6966.87	0.000968819
6969.89	0.00115298
6972.91	0.00102737
6975.92	0.00117549
6978.94	0.0010671
6981.96	0.00128798
6984.97	0.00102817
6987.99	0.00123878
6991.01	0.00107154
6994.03	0.00112628
6997.04	0.00157582
7000.06	0.00133637
7003.08	0.00154559
7006.1	0.00108307
7009.11	0.00117266
7012.13	0.00119876
7015.15	0.00103837
7018.16	0.00104745
7021.18	0.00133586
7024.2	0.000962616
7027.22	0.00122739
7030.23	0.00102975
7033.25	0.00277154
7036.27	0.0027839
7039.29	0.00246976
7042.3	0.00135178
7045.32	0.00135132
7048.34	0.00130922
7051.35	0.00221898
7054.37	0.00227502
7057.39	0.0030271
7060.41	0.00241482
7063.42	0.00134558
7066.44	0.00101778
7069.46	0.00121003
7072.48	0.00120495
7075.49	0.00122294
7078.51	0.00124667
7081.53	0.00134729
7084.54	0.00153211
7087.56	0.0011521
7090.58	0.00142435
7093.6	0.00086871
7096.61	0.000794366
7099.63	0.000799017
7102.65	0.00087695
7105.67	0.000890146
7108.68	0.000925802
7111.7	0.00107989
7114.72	0.00119215
7117.73	0.00100307
7120.75	0.000918601
7123.77	0.00118173
7126.79	0.00088069
7129.8	0.000756175
7132.82	0.00101213
7135.84	0.00072824
7138.85	0.00157487
7141.87	0.00251033
7144.89	0.00114977
7147.91	0.00138742
7150.92	0.00132196
7153.94	0.00102788
7156.96	0.00103507
7159.98	0.00127004
7162.99	0.00142981
7166.01	0.00082294
7169.03	0.00118224
7172.04	0.000965541
7175.06	0.00115813
7178.08	0.00117392
7181.1	0.00111151
7184.11	0.00139314
7187.13	0.00182624
7190.15	0.00168376
7193.17	0.00100743
7196.18	0.000983736
7199.2	0.000944498
7202.22	0.00105751
7205.23	0.000689436
7208.25	0.000868212
7211.27	0.000665344
7214.29	0.000805821
7217.3	0.000700933
7220.32	0.00080218
7223.34	0.000597881
7226.36	0.000755803
7229.37	0.000938701
7232.39	0.00109036
7235.41	0.00043372
7238.42	0.000784504
7241.44	0.000581786
7244.46	0.00065113
7247.48	0.000680751
7250.49	0.000642428
7253.51	0.00071796
7256.53	0.000642442
7259.55	0.000573497
7262.56	0.000568022
7265.58	0.000894497
7268.6	0.000561521
7271.61	0.000868513
7274.63	0.000596428
7277.65	0.00132552
7280.67	0.000779806
7283.68	0.000732602
7286.7	0.00114063
7289.72	0.00170796
7292.74	0.00159621
7295.75	0.000787404
7298.77	0.000765088
7301.79	0.000733002
7304.8	0.000847799
7307.82	0.000717686
7310.84	0.000785797
7313.86	0.000781837
7316.87	0.000676303
7319.89	0.000776437
7322.91	0.000861516
7325.93	0.000974088
7328.94	0.00101169
7331.96	0.00120264
7334.98	0.00114329
7337.99	0.00147848
7341.01	0.00182405
7344.03	0.00139945
7347.05	0.0017659
7350.06	0.00155542
7353.08	0.00171551
7356.1	0.00142866
7359.12	0.000993871
7362.13	0.00115734
7365.15	0.000848556
7368.17	0.00107119
7371.18	0.00139697
7374.2	0.00183191
7377.22	0.00261183
7380.24	0.00229279
7383.25	0.00163769
7386.27	0.00228778
7389.29	0.00212511
7392.31	0.00146704
7395.32	0.00112276
7398.34	0.00160586
7401.36	0.00192177
7404.37	0.00106123
7407.39	0.00118841
7410.41	0.00108251
7413.43	0.00134033
7416.44	0.0013178
7419.46	0.00172467
7422.48	0.00116099
7425.5	0.00159075
7428.51	0.00227125
7431.53	0.00136386
7434.55	0.00147296
7437.56	0.00101806
7440.58	0.00142759
7443.6	0.000907276
7446.62	0.00120288
7449.63	0.00101106
7452.65	0.00101657
7455.67	0.000914006
7458.69	0.00150462
7461.7	0.00114775
7464.72	0.00109275
7467.74	0.0011338
7470.75	0.00105233
7473.77	0.00115562
7476.79	0.00140356
7479.81	0.00145095
7482.82	0.00100294
7485.84	0.00110204
7488.86	0.000973029
7491.88	0.000860781
7494.89	0.000929015
7497.91	0.000984407
7500.93	0.00105046
7503.94	0.00107083
7506.96	0.00164531
7509.98	0.00129486
7513	0.00129123
7516.01	0.00123358
7519.03	0.000880263
7522.05	0.00105497
7525.07	0.000771811
7528.08	0.000809547
7531.1	0.000778693
7534.12	0.000832105
7537.13	0.000719361
7540.15	0.000946206
